481817673
879835099
2349790154
4730229254
4205462205
6620264806
914413847
5731788834
5906964736
1607219837
2136179185
2948065004
4489830139
471041707
8093829977
2038678441
758911017
1544978844
7200131880
3673760701
7522960197
2284835511
3943077663
309560378
4840232958
4616955838
7490712678
5719163386
7277433022
4090034491
1741657467
3066109089
1821513758
7155119925
5459588566
2160055534
7169082629
6949933195
7022873663
6041593658
7368058798
5865673802
1363417353
6856920429
4289031985
7770904530
1906112737
1395568061
55301368
7302091221
4482879164
2085444381
6028218444
479617268
3253910716
1696893380
294041251
1390914628
2238402278
2309960051
7141840076
1180681612
5763927625
1290865133
4754004472
1687888104
1960651092
5779412709
7295895011
1465361170
7856594331
388650841
5794001231
19494789
257183994
436354156
2329001552
4374094747
2278319731
5714301201
2340249616
274969648
3615389164
5865159754
428071657
36647090
6645890728
287170024
7799292936
2132490662
336966634
1944499135
1798771443
3684476090
4190345867
1644893595
1509959417
5721213416
6909095452
1093420320
5598991198
611182078
3312779092
223058443
7224205799
1547240404
4341119980
7306152565
392345415
1249839593
1331233006
5862278819
505521301
315077465
594069751
5789434318
1412670376
2200528304
39644223
7587911163
6981583150
7314874553
2195123246
7681467514
3036850341
7069252355
5946503113
6540379959
5713748662
6172021133
6131881157
7711989424
2205627266
7140664020
5727359397
2226265373
308377654
5092674692
1277684103
6618188715
5433467212
4077575841
7369333832
4696566484
7362830392
5422849800
235251162
429951957
5409251819
6726129697
1908984860
1493012131
2987742940
3960341150
2315471883
5726602381
4529926676
6888245029
1561650069
7631313117
2245751587
1034042376
863678297
7341317882
7929539522
4324816258
5842685475
2182833854
502358401
308337654
495004723
506801151
3251236379
2054635936
5373801385
594577808
472685891
7423066764
1670389860
7573575405
2871206709
2026145261
7456358924
6885230401
34067530
3216100513
1476945875
7233149110
6888510102
1653518485
3263505001
2328046405
387376470
1772758426
1684487965
409910353
5850594827
6866707838
1996604103
6953082576
8064699299
1708231068
3972869403
1306051977
6671010993
1736221814
5874889825
1467068825
5450912871
1189571951
598061750
3227782591
3292426419
5952164489
5355563567
5597849235
6437564039
990076861
6372916370
1096882369
5939713387
3227713804
7531548215
391129245
3411306750
6932645759
2292292279
5975624560
2175811298
3976857482
1595386695
1667223356
1800707941
1591770987
5804822396
1462188426
515917599
7372749052
3295803969
2330595220
5632969174
6025578933
6309502810
7285089135
6523837656
7392624022
1634221011
4026125936
3468544841
2128585925
7274145662
7219138516
1067280029
867897178
5458858820
1361101647
4152929669
38568755
1708113831
5710083584
6260706659
570238778
4302193694
7572443085
5392285235
2551597732
1652135842
6913467124
338851761
1827637095
1413685961
1417820234
235130604
552529604
6535860575
7368662089
6085918995
7412620196
5736235985
5679006902
262011439
2093034553
769727799
7899545023
3672885940
1599101696
6284875330
6987002680
6089557156
6220477281
4257720453
3406517197
177079674
8189489442
6031863253
296375627
7428131766
2158571584
5865320281
1067964090
7425374161
5685161134
1649928174
3432349979
3164229109
1829515573
271996415
7358264481
1460847713
7123660281
7057903671
1927096270
256433037
1906971721
2314392987
5709583998
1696881731
5376278198
52970065
710719756
6039135704
5862686950
2028121184
2002170527
221204615
6642698834
5670316785
4705980187
6938716961
1200348335
7312941015
4411660588
2105287684
6285346538
6344781214
5426169963
6986796291
7131455898
4898638801
5756011769
2944319896
840711832
4583703803
2527517361
785323732
2052975160
5396017790
5794066551
3250291562
3448800779
4641318414
5806927004
7441306635
1639564984
7959754412
5699120646
2065784495
6275658674
497554243
6283532081
7367203363
7468773992
1084213669
7682261610
878843701
5590798432
6996488846
6954970270
5515928319
480512552
1276185110
643322738
232639896
7359137002
202593382
1779854806
4074275329
1051518871
4269087379
5361852625
857110311
5889852989
1092635951
631982540
263747115
6751428001
5583037835
4560206687
1694730035
2190405895
6877703937
314810429
541744028
1643468160
7556488138
1937764889
6731801410
341209209
2033320899
7040898979
318645255
7434455935
7317244443
2821102033
7321387146
1702427869
5610510309
2223479241
7366147716
1220997662
1503624482
1518113236
7506543043
7352492579
6795719845
625474637
7209981542
6116020318
1197129557
292865545
570376494
3424754297
1401887068
5757898784
1604110982
4207132610
5966079051
1307771476
5430631731
292398637
1062422686
4070552287
40645319
3463471139
7011000136
7010352564
3468630832
922673784
409142052
4371035156
4014779200
5445276060
4610993417
5429017568
3058683055
7235447754
4334892865
5330211444
4853549353
4322082488
3644655280
7121636159
7115889971
1271811271
4097004147
6441119375
1313613187
7532851218
6667867729
5016317147
5737594521
4758990546
7288081623
416474056
7093923727
270223419
983462023
5603506937
2011721878
1709079564
5505233905
5988107293
2199637455
1712951413
5420296083
3081904847
3963737900
4058387495
5702051316
3110633231
3498475887
4038467286
2046814629
1952596044
1519059116
4134302714
3299038542
4229583822
315461090
1475949568
4581439061
3002855858
6065888359
1466046925
1224061286
1220773679
3290660410
5962256024
2224994296
2210446956
1492793026
2122204503
5654669886
1187063734
1513623321
321739645
5696882553
632872138
182829348
354623062
242840749
1681121034
4345611427
6075217301
7324567248
6779566300
4758918120
3175662262
904507804
3706099362
3557102572
4261163739
3621623580
6328469936
1833832782
7316211300
7353993547
795731105
3486236562
8124911582
1109928017
846662262
1999054341
5663668060
716912366
1946376332
8245583064
3529744897
7358772876
237879786
6376202794
7893176228
6984048507
464616355
6493768617
288838192
7218105777
6081511943
1116234398
5695562105
7101250676
3244613139
6926628587
4460065349
3250809799
7327562609
7231985288
1231704711
6976500951
1978638473
2231219068
7433367798
1982046406
4903817533
5636931691
7596312999
4913127583
5605880992
6555568972
3103708511
7427343905
5913368480
330982356
1361804392
5744242967
2260401842
4928579762
6751544344
594242037
3569197775
318906695
1689788717
7375903425
578323409
2463297479
4959448945
5827802489
1193605643
1823633678
1530236101
7593395329
7130601872
6439015209
2218733313
3948479740
1420274569
8027214748
6046690671
417501164
1471991652
7391612031
5349355337
4483808406
4355971999
1598717733
1933745916
1552675246
195264482
7223477203
4923084263
7571469707
7377196240
592141155
2272206786
7204410406
1338636647
7459571335
1601753520
1742524178
5277531008
1687970405
4116356062
1509545355
7532606133
5968672143
309392076
6325519881
1811091066
7125416803
814323982
6010143042
7234740084
8048085851
2314728439
6410105635
5964864178
734692471
712699806
6651445364
1960039650
7111512327
3261190468
2245554455
204731959
1616979235
7089297500
2014452989
561622142
5406525206
5763139833
6768104364
2325083998
7947242664
194988903
2519821000
1160158623
396618572
4164016708
6868502392
18345252
22520148
6247682649
965482839
6063498863
5489748817
2957382692
2081975770
7960429323
6049202700
8133640363
7468534201
750534943
5762060553
498967967
1262743803
5850603049
4328313964
1414105198
1361407795
2128461514
6958026858
6856367688
369811268
8063447084
4465758017
6965419865
7172092785
3188634093
6221454601
1455418569
4510508750
6885812462
5390372072
6424952362
6158692024
1731670146
2786729345
3665102238
279212609
1762115483
1695857780
1199884781
4312984350
1376848733
2944596666
2042056142
7709450119
4143189159
3916889965
3283771423
4161273856
3608965610
374656316
7017638314
6063205693
8095123940
3219409898
3230677092
1102263262
3236538578
2164218245
4322839963
2012027952
3972550518
3161699510
284349875
3092888010
457966512
3516353769
2220254353
1402744140
207293044
4145613163
4479783543
3178041910
5386878465
3266959816
1984522058
4536780224
1775104444
3122212176
1633023645
2941104190
1649865713
1588142109
1830264505
6283240105
2105336908
849993675
264301247
3418623017
3083767633
2244323400
3978102487
3057396695
1136656356
266254951
1076669326
1997457994
3545283903
2200182782
3107546230
245324968
5380426601
5886329739
620669809
5848247332
599730796
467216420
2244897276
1935538317
1650889279
1644591075
1768367376
2402622497
1279388690
3980320398
633520906
1476450956
1175594417
45116410
3687214010
408823133
3542857145
312240324
2083500895
916620956
2109947212
632004136
1803947689
555384430
3929040077
6339858409
2037851268
1579285526
1674725194
2267644662
7440965593
2096460718
2261419849
2003832810
4172788979
1473955177
288386462
2038879841
513315500
3706550464
4157271261
1611671114
1276509290
2353625970
3433908909
1365540635
2311777896
374032459
5436721311
537838775
1952310171
3094991630
1741208644
1354340934
3896688597
3454878062
2212260382
6877550179
220010675
1214346446
494615579
1598373608
3292333532
627839155
1577083059
3579212646
36108438
2363655053
1764565071
815624003
2311045397
5936451260
1389522393
231616232
1438156723
4702127077
6830867261
4198233764
41467719
1569989332
4444685561
3515035867
3115293146
3515784468
1514564039
1520897002
2239564335
1442896834
3962519201
4162611824
3426395630
2201560015
4401920888
1994496401
3491356991
4305339149
3561586085
1545790304
512900049
1488008891
6019943642
5375996033
38877395
1470910680
1342329026
1748383167
231065674
457817760
2242923402
1930689854
208972023
2376811899
3607430757
1503642073
1392262528
3687477766
4465364563
2175558845
1988086037
1507436682
3063356441
2098681840
486587285
2096945777
1709993609
7057237722
4585675464
6120243687
1396770319
3107605749
1644564348
299488688
4132993174
306751874
1374169105
1380079556
1297737249
1546925219
1535725279
361479793
1008578552
3925842401
2270495722
2353312812
284717611
1941150274
2291214743
1512533098
570325245
1450622120
2264377213
2278401758
354342257
1236778375
1809202287
5871779606
1455848447
547623357
642864993
1541772156
3564881654
1255778683
1735066236
4464160070
601171308
1401783588
7941769889
2228116687
2967185614
3268239820
1520285443
3712609876
4357803193
1921110848
289316891
2898061136
1175564858
5327247014
414831292
6095779885
1617943765
3230674068
1420952759
2929010337
458446068
1146216373
2221714995
1636014881
2261860718
3006494757
768452568
1504348614
670122493
4506846172
1600191107
2544550762
4505626259
5399803181
310746593
940098065
144297003
1618048222
1904207328
2374209698
282517329
577025449
1390793226
4280952916
4070527675
2353327747
1538422984
552470192
227636640
1766052020
1978879323
1982444926
1557180785
2088109327
2252965120
2534610874
2878913359
4150994616
553408706
2966604815
1367279745
974877031
4064133264
1501472061
2362384628
1043297770
943583056
1557310579
434882270
210424965
3987300658
7383620551
4024221219
357427416
2905668872
368967023
1512599719
4532971557
6629807628
1490957714
3258841928
1811409324
1703482336
3676816786
555440690
181835461
1283881755
2650347190
2287475414
4077018873
2073784826
1389860333
1979146374
1521188345
1420244857
1420977871
1644701521
4005892392
2315943310
2255044951
1256368476
384806747
2094263825
1201882524
2008891083
497625573
1620550265
647412411
3173673419
192020137
1598547269
2266198955
1476183810
2166380071
1624831117
1243199223
1537975614
262357263
296471531
2210228415
2137348308
3623142464
1518222787
757543770
1635433070
4338567476
1947972830
1417197938
2047869374
2166682483
1285647645
4174584100
3587860800
145366163
3572251904
2200632614
7765004657
1960592829
3266681128
2304775115
2367085865
3295043034
415184901
4053759084
2208641253
1504157869
3283942468
249165544
8249992007
3181296228
