451227154
239077495
2001471511
6067445146
2177586466
5737210058
259641938
3876806425
261240883
559479478
7399547527
6881750460
3322699922
472448173
2950674180
1405426917
289180092
245465706
2219647158
7173330499
2199458935
6267102050
531856311
1294250230
7967766817
5892805273
220993254
2022083771
2966540586
524092692
4743697350
17997476
1050199056
605657310
7164575398
2612554552
6274088761
331485380
7416963981
333634886
318294009
729404198
47231684
3949803814
4574695312
5333708971
6806746619
716616140
557819345
358523251
1274180089
6465486499
3682037260
6278157104
5579870693
766952274
5632073900
2141917173
2350703280
6294694719
7098870742
801425930
5088254680
694382259
1136300261
349328750
1185203622
5816186077
388738069
2298998882
2970148311
455595837
1730801907
7057403019
6539112741
1299549537
6965283423
1277217703
430004317
363189474
5348920264
4034565980
3937416262
232066090
244892734
374135447
4647220548
300961559
7588178464
1128009505
985748450
1318291113
2059872486
209140078
3645478775
1374293797
1613224073
4694239895
3265386941
4357339872
2236928414
3705960725
2249053447
1344049506
228824391
3588959110
349155091
1340955718
3163290505
571885262
190187887
4538720642
1394022219
2037764728
1535881126
5937147009
377174303
1513267667
350491677
6891207283
1420857542
4296564504
45281114
3439868430
812970344
370319020
1298523411
1301905345
6899021179
1199083130
841375382
6746592609
571540484
270396554
1558617947
1422801783
2116457436
1099692569
1114791472
985972814
4300936716
3184769056
6889579218
53772855
1597802375
1830300391
6650335461
13610125
396914799
2252215569
264001008
6957495974
1983262688
343708471
2025400158
6876436444
6294758917
479111516
594310806
1422385394
607526739
4158571339
1920598483
856005803
461545389
1510695207
1441543259
238934448
6215482366
1275757146
748152072
2219658124
1220740245
5400025267
2030409811
6216212684
221726295
5776351817
2121930646
327252928
480458376
501371745
1809077724
310685458
2936387649
1590352742
1537987260
5980209760
5613145616
6858770992
1431957397
3923646267
7258327133
3113235874
424615978
5884000488
348244139
2080355947
4245886573
1937074957
410613633
269423481
1102624952
339423064
4551733534
1444097390
368137531
1174450228
6332626539
450341505
1118761377
1428019896
1641213027
3166633233
1659468235
3650167192
3118285637
4043102540
7338417794
4324911374
804640937
1520925370
5560447975
3496229069
5646979123
400462412
606892961
1407410164
1498226465
4966734065
6464320134
1635125478
1065284218
5919251316
1537408888
2380884202
1559956495
994564138
386057959
6588556984
945862838
8135185533
5721703506
2307619933
376999134
2310834563
4106806288
3662642303
1486150994
1610952400
256131407
6130939135
1147256221
317852995
1788082724
254446151
3876531101
2446223497
265507393
389892572
8125552720
1930024170
1360178221
871275417
6139895495
464056113
5213976872
2323897522
5484871952
1480458418
4298503237
7088701004
3595625799
3600205933
287115180
428163688
318678160
385837274
1609646374
290364889
271051842
372450945
1392909430
1303912921
228727381
193048782
2255029856
2199795482
35269889
1163906996
2247240162
364929792
1149458903
1434279410
1488820455
1068214659
2109783434
1906867911
6973487361
245234566
1181051051
587915938
248141414
1090853076
2114481089
5344298998
1449998387
290354134
4480362196
4021623958
1098742707
4843678352
599673402
272433861
1525425363
3267243084
5753763217
240305222
1379892262
417096035
272527750
5714538929
188464194
390312998
420533184
376015101
2043460585
4862323655
1517533181
224261099
5400904635
487997521
504227536
302914679
277648209
1621324146
2179336292
317849614
437099892
1612577242
185302615
367630134
4319880904
841927782
521237987
1021405122
3555641119
1146351755
327165628
32238784
196212175
1718660848
5735078310
225384181
662381910
1579302554
6012791028
4839035823
1742638915
37284623
5778741520
6830807831
4150266875
2768297453
1646215510
5846494654
6309948519
1220143912
6822387874
6197071440
567817361
1488492676
5845146044
1515063148
5905067353
6826122962
3269306174
4127418454
2208779244
2134199735
5601073929
1720639677
354227418
1915010403
224341281
1524214074
449604512
6095601149
1481152542
1465745836
1168938252
3564613061
2067854450
4244312133
4105861312
3270615719
693105853
4003189189
1240973502
1418681540
4117217189
1330423884
5847577739
2218776047
2067760454
5671684944
5611649228
1270550005
6947935475
2029024560
1370408102
254572045
437036778
372927108
282512720
3548601817
1595028191
3441097434
1925822570
1392279148
3924707491
852315541
6678112470
398486209
549242299
2360057514
380139911
3039896849
524787900
401578701
5598920101
709260836
6035747228
6257675669
8333260842
391364126
1474009026
2583682087
575864629
3263342115
8232570609
1654085046
2333474143
363347414
772979226
3277380819
5144883575
1124979668
6244051693
865677529
180715360
1611306013
7558928
4102109175
1107647425
673979099
351678988
594266792
7646393663
260685157
6656107685
308045136
184541176
1761728308
6116115079
466155393
1170334146
4259111381
6023117368
1923099794
572669239
1293868811
5404767392
2322729288
1344013519
268773162
202973188
6180832571
990157700
1284634647
458231184
1088467813
3514105518
1986820525
378637523
410849634
1931102084
5822097222
5812193074
6309197208
8301978164
588094839
285906400
1709073796
1137557896
4086389002
1270606337
2365180067
2323342898
1141254360
298875969
51734130
1465969601
2711717664
1556572634
8310357066
5416322207
1016348450
7365129619
1298489687
3316629223
400333944
6014411697
2297187533
672107965
1245944812
6913910309
659397183
362458027
1481228202
758756027
1830300216
249909953
319341156
8253487325
2997895206
2127950967
675175197
818663719
346567505
7567048109
596566392
194424075
5418497443
4542479783
1053191210
5533470231
3990064954
5632916248
3100723077
1919736432
2911755214
1646318312
511069468
639758796
2271459603
1256439627
426123389
324344886
479767985
5009381648
1631989197
5709375701
3428755210
304705796
1536570990
453737089
5988404971
4377712299
431832551
2535146144
475359715
8048650010
4831355477
532863619
1486323974
1143368788
1349655202
205987443
196925069
1089620937
877428135
1417416927
6633537765
2116816355
331961780
4457721711
5466723072
175393781
1054363758
2276779584
1689883941
6253199757
2342996398
1426590157
554107852
182402588
419826027
556024516
1475197603
6277961316
2070503927
360806587
197835096
634971017
1438975885
6533031162
181746081
2289468954
1388542625
4165009385
52581703
288839771
338112492
5719169153
6301445262
260113941
7160577215
5524562105
643323738
6073367709
7418940933
587817361
2951686453
1116487348
322841058
2258165264
3506125182
5655600802
1301444363
818957690
375175257
312241415
4319120361
7296634766
1543039608
5434109537
1507487860
5879878647
449694349
224481500
857014002
1829331714
2017979500
174583796
502796047
5661234630
923118787
3523787040
1259448444
7152047011
2260484591
20600704
4525432712
1438273854
40392014
295413237
6406749184
732762718
463198861
281074222
2885272443
567456837
1505443654
1988358935
351362744
337707153
458816551
248666788
5691754830
3308164332
1410169030
1457879157
287574895
2943460580
2887927991
928073015
2977882617
983161059
7368087734
1759742162
317564220
1077370526
245442862
581164883
7164625652
47037630
809906754
5612271845
299812331
6459693474
248785698
601504320
267162970
720779007
1561496399
5895228061
4043462752
2204849999
367823554
7248079925
192281068
373881182
226706553
269107231
6576155126
1418389243
334666927
4223669229
297957101
4194653500
5534227582
3050536399
413567793
2079737001
5093093227
1249874204
2544366848
202083696
1796374538
4094938116
577799569
2207510576
2096207451
905408110
2984613176
17997775
1506839048
1246498566
468421007
593525628
2970519086
1663381697
4073463880
809840262
1554261098
3982694471
889015263
359014632
1114874011
1627272816
416085880
5843845610
361453068
390011485
1131508339
4044362216
2887693498
1412828175
452261260
2058611558
297445143
453628268
1000987787
1522890747
1465561021
674558773
1340750834
940412478
240708049
5967243030
1067166149
341335454
3192332531
1461457185
280857921
7154215928
8191896353
774445481
1297547927
3018700521
4322518794
1780160830
2027325358
462274794
2020737431
2955437070
1320885862
513623083
1113693178
1110060365
1069912250
1119906163
365500130
388316354
764077384
1309043060
1837922200
2131114592
463800520
2228701778
1777981550
1472727993
792391806
262257699
1664968399
1726739644
1806249701
5140306431
1197309903
2296307857
475394066
1521592789
482212779
4654955767
1614517987
3979013214
3084852110
2954184171
7292976232
1128288142
476431896
374705321
204699582
1073919912
581209270
1208189380
3087524137
648889139
309457984
5440823554
6772550947
6850951812
2076932197
320025594
805139979
1205817715
5523970958
342778479
404590024
1146946145
5448511828
2242692795
1188456605
4350479727
1521995558
222258110
6359705922
1137506629
579275093
450885002
242955250
242030093
1003259535
6191094752
3932160049
5366306261
617486143
6966879464
46385344
2978017714
229001513
4221035903
1433302219
1621621938
1137853097
407669262
335740096
862074386
226490616
253770924
4205976853
212490516
3050638490
245641283
809037498
780156479
794299938
1227674601
1431187877
2355095438
2019830193
226289907
2242979587
790487318
370653816
736592194
2309347731
268023778
658644740
291189632
1998768941
2329189554
579964553
425980142
4022190204
1686308909
371411125
422643081
1429246754
1533781746
1979728606
915145791
7313370891
5623246167
2217632142
393803846
1311598982
1515636515
3893235806
306173073
784278585
4191412921
468108520
1921841594
625411432
6225666651
1268147540
2029888273
5717023888
486695689
383511910
398242876
1481400569
387161117
1672767909
3589483667
1295711177
698540272
186272516
1786003856
708847915
4375092617
772276031
7226171224
1074952498
2265354255
2028999223
7050569716
330541071
1041159795
375665138
2380501349
1003014842
540077358
1523893110
936195827
725268506
653111246
1207765305
1957737173
2306403281
1646842400
2274343071
1295292096
3472998780
38393983
1484485903
3692122594
3154038662
2935566876
4321658729
979791193
44159811
2129862840
1999099179
6917296320
4287159919
275356146
4520086885
3297417879
1819473804
5403173210
6864817173
5930703167
464245773
791821897
610702921
1160743928
7540771610
5560582013
650153813
368078686
4936595996
50116908
323001145
1532665003
365679628
1650326525
271481736
516490253
5490605562
480530689
1243539137
1728670559
237948043
1690455196
6432688621
6366501395
476942292
1409399303
4483328590
6671159511
615604740
546232543
1452946463
1446462377
1603438651
568031507
308747335
6043076687
1788505852
519043651
1611861053
1595899775
486702013
2038822800
536961087
1196058465
1601302466
1455037670
747717556
579599911
1694444649
602129113
6626003405
2009616230
1262874865
4146689274
271219878
1977882389
1051384436
224320899
4077919042
6929337598
5757128353
4736768041
1699463460
1837514773
5866742648
4063750299
1809487335
1390808890
1421154078
834907787
1700648789
1415750258
414034692
5763497315
3068039105
2003280007
391577603
502993967
5441481681
1443658957
1576745521
3997804363
1211579548
719568199
417432135
1607062177
475745203
