481817673
879835099
2349790154
4730229254
4205462205
6620264806
914413847
5731788834
5906964736
1607219837
2136179185
2948065004
4489830139
471041707
8093829977
2038678441
758911017
1544978844
7200131880
3673760701
7522960197
2284835511
3943077663
309560378
4840232958
4616955838
7490712678
5719163386
7277433022
4090034491
1741657467
3066109089
1821513758
7155119925
5459588566
2160055534
7169082629
6949933195
7022873663
6041593658
7368058798
5865673802
1363417353
6856920429
4289031985
7770904530
1906112737
1395568061
55301368
7302091221
4482879164
2085444381
6028218444
479617268
3253910716
1696893380
294041251
1390914628
2238402278
2309960051
7141840076
1180681612
5763927625
1290865133
4754004472
1687888104
1960651092
5779412709
7295895011
1465361170
7856594331
388650841
5794001231
19494789
257183994
436354156
2329001552
4374094747
2278319731
5714301201
2340249616
274969648
3615389164
5865159754
428071657
36647090
6645890728
287170024
7799292936
2132490662
336966634
1944499135
1798771443
3684476090
4190345867
1644893595
1509959417
5721213416
6909095452
1093420320
5598991198
611182078
3312779092
223058443
7224205799
1547240404
4341119980
7306152565
392345415
1249839593
1331233006
5862278819
505521301
315077465
594069751
5789434318
1412670376
2200528304
39644223
7587911163
6981583150
7314874553
2195123246
7681467514
3036850341
7069252355
5946503113
6540379959
5713748662
6172021133
6131881157
7711989424
2205627266
7140664020
5727359397
2226265373
308377654
5092674692
1277684103
6618188715
5433467212
4077575841
7369333832
4696566484
7362830392
5422849800
235251162
429951957
5409251819
6726129697
1908984860
1493012131
2987742940
3960341150
2315471883
5726602381
4529926676
6888245029
1561650069
7631313117
2245751587
1034042376
863678297
7341317882
7929539522
4324816258
5842685475
2182833854
502358401
308337654
495004723
506801151
3251236379
2054635936
5373801385
594577808
472685891
7423066764
1670389860
7573575405
2871206709
2026145261
7456358924
6885230401
34067530
3216100513
1476945875
7233149110
6888510102
1653518485
3263505001
2328046405
387376470
1772758426
1684487965
409910353
5850594827
6866707838
1996604103
6953082576
8064699299
1708231068
3972869403
1306051977
6671010993
1736221814
5874889825
1467068825
5450912871
1189571951
598061750
3227782591
3292426419
5952164489
5355563567
5597849235
6437564039
990076861
6372916370
1096882369
5939713387
3227713804
7531548215
391129245
3411306750
6932645759
2292292279
5975624560
2175811298
3976857482
1595386695
1667223356
1800707941
1591770987
5804822396
1462188426
515917599
7372749052
3295803969
2330595220
5632969174
6025578933
6309502810
7285089135
6523837656
7392624022
1634221011
4026125936
3468544841
2128585925
7274145662
7219138516
1067280029
867897178
5458858820
1361101647
4152929669
38568755
1708113831
5710083584
6260706659
570238778
4302193694
7572443085
5392285235
2551597732
1652135842
6913467124
338851761
1827637095
1413685961
1417820234
235130604
552529604
6535860575
7368662089
6085918995
7412620196
5736235985
5679006902
262011439
2093034553
769727799
7899545023
3672885940
1599101696
6284875330
6987002680
6089557156
6220477281
4257720453
3406517197
177079674
8189489442
6031863253
296375627
7428131766
2158571584
5865320281
1067964090
7425374161
5685161134
1649928174
3432349979
3164229109
1829515573
271996415
7358264481
1460847713
7123660281
7057903671
1927096270
256433037
1906971721
2314392987
5709583998
1696881731
5376278198
52970065
710719756
6039135704
5862686950
2028121184
2002170527
221204615
6642698834
5670316785
4705980187
6938716961
1200348335
7312941015
4411660588
2105287684
6285346538
6344781214
5426169963
6986796291
7131455898
4898638801
5756011769
2944319896
840711832
4583703803
2527517361
785323732
2052975160
5396017790
5794066551
3250291562
3448800779
4641318414
5806927004
7441306635
1639564984
7959754412
5699120646
2065784495
6275658674
497554243
6283532081
7367203363
7468773992
1084213669
7682261610
878843701
5590798432
6996488846
6954970270
5515928319
480512552
1276185110
643322738
232639896
7359137002
202593382
1779854806
4074275329
1051518871
4269087379
5361852625
857110311
5889852989
1092635951
631982540
263747115
6751428001
5583037835
4560206687
1694730035
2190405895
6877703937
314810429
541744028
1643468160
7556488138
1937764889
6731801410
341209209
2033320899
7040898979
318645255
7434455935
7317244443
2821102033
7321387146
1702427869
5610510309
2223479241
7366147716
1220997662
1503624482
1518113236
7506543043
7352492579
6795719845
625474637
7209981542
6116020318
1197129557
292865545
570376494
3424754297
1401887068
5757898784
1604110982
4207132610
5966079051
1307771476
5430631731
292398637
1062422686
4070552287
40645319
3463471139
7011000136
7010352564
3468630832
922673784
409142052
4371035156
4014779200
5445276060
4610993417
5429017568
3058683055
7235447754
4334892865
5330211444
4853549353
4322082488
3644655280
7121636159
7115889971
1271811271
4097004147
6441119375
1313613187
7532851218
6667867729
5016317147
5737594521
4758990546
7288081623
416474056
7093923727
270223419
983462023
5603506937
2011721878
1709079564
5505233905
5988107293
2199637455
1712951413
5420296083
3081904847
3963737900
4058387495
5702051316
3110633231
3498475887
4038467286
2046814629
1952596044
1519059116
4134302714
3299038542
4229583822
315461090
1475949568
4581439061
3002855858
6065888359
1466046925
1224061286
1220773679
3290660410
5962256024
2224994296
2210446956
1492793026
2122204503
5654669886
1187063734
1513623321
321739645
5696882553
632872138
182829348
354623062
242840749
1681121034
4345611427
6075217301
7324567248
6779566300
4758918120
3175662262
904507804
3706099362
3557102572
4261163739
3621623580
6328469936
1833832782
7316211300
7353993547
795731105
3486236562
8124911582
1109928017
846662262
1999054341
5663668060
716912366
1946376332
8245583064
3529744897
7358772876
237879786
6376202794
7893176228
6984048507
464616355
6493768617
288838192
7218105777
6081511943
1116234398
5695562105
7101250676
3244613139
6926628587
4460065349
3250809799
7327562609
7231985288
1231704711
6976500951
1978638473
2231219068
7433367798
1982046406
4903817533
5636931691
7596312999
4913127583
5605880992
6555568972
3103708511
7427343905
5913368480
330982356
1361804392
5744242967
2260401842
4928579762
6751544344
594242037
3569197775
318906695
1689788717
7375903425
578323409
2463297479
4959448945
5827802489
1193605643
1823633678
1530236101
7593395329
7130601872
6439015209
2218733313
3948479740
1420274569
8027214748
6046690671
417501164
1471991652
7391612031
5349355337
4483808406
4355971999
1598717733
1933745916
1552675246
195264482
7223477203
4923084263
7571469707
7377196240
592141155
2272206786
7204410406
1338636647
7459571335
1601753520
1742524178
5277531008
1687970405
4116356062
1509545355
7532606133
5968672143
309392076
6325519881
1811091066
7125416803
814323982
6010143042
7234740084
8048085851
2314728439
6410105635
5964864178
734692471
712699806
6651445364
1960039650
7111512327
3261190468
2245554455
204731959
1616979235
7089297500
2014452989
561622142
5406525206
5763139833
6768104364
2325083998
7947242664
194988903
2519821000
1160158623
396618572
4164016708
6868502392
18345252
22520148
6247682649
965482839
6063498863
5489748817
2957382692
2081975770
7960429323
6049202700
8133640363
7468534201
750534943
5762060553
498967967
1262743803
5850603049
4328313964
1414105198
1361407795
2128461514
6958026858
6856367688
369811268
8063447084
4465758017
6965419865
7172092785
3188634093
6221454601
1455418569
4510508750
6885812462
5390372072
6424952362
6158692024
1731670146
2786729345
3665102238
279212609
1762115483
1695857780
1199884781
4312984350
1376848733
2944596666
2042056142
7709450119
4143189159
3916889965
3283771423
4161273856
3608965610
374656316
7017638314
6063205693
8095123940
3219409898
3230677092
1102263262
3236538578
2164218245
4322839963
2012027952
3972550518
3161699510
284349875
3092888010
457966512
3516353769
2220254353
1402744140
207293044
4145613163
4479783543
3178041910
5386878465
3266959816
1984522058
4536780224
1775104444
3122212176
1633023645
2941104190
1649865713
1588142109
1830264505
6283240105
2105336908
849993675
264301247
3418623017
3083767633
2244323400
3978102487
3057396695
1136656356
266254951
1076669326
1997457994
3545283903
2200182782
3107546230
245324968
5380426601
5886329739
620669809
5848247332
599730796
467216420
2244897276
1935538317
1650889279
1644591075
1768367376
2402622497
1279388690
3980320398
633520906
1476450956
1175594417
45116410
3687214010
408823133
3542857145
312240324
2083500895
916620956
2109947212
632004136
1803947689
555384430
3929040077
6339858409
2037851268
1579285526
1674725194
2267644662
7440965593
2096460718
2261419849
2003832810
4172788979
1473955177
288386462
2038879841
513315500
3706550464
4157271261
1611671114
1276509290
2353625970
3433908909
1365540635
2311777896
374032459
5436721311
537838775
1952310171
3094991630
1741208644
1354340934
3896688597
3454878062
2212260382
6877550179
220010675
1214346446
494615579
1598373608
3292333532
627839155
1577083059
3579212646
36108438
2363655053
1764565071
815624003
2311045397
5936451260
1389522393
231616232
1438156723
4702127077
6830867261
4198233764
41467719
1569989332
4444685561
3515035867
3115293146
3515784468
1514564039
1520897002
2239564335
1442896834
3962519201
4162611824
3426395630
2201560015
4401920888
1994496401
3491356991
4305339149
3561586085
1545790304
512900049
1488008891
6019943642
5375996033
38877395
1470910680
1342329026
1748383167
231065674
457817760
2242923402
1930689854
208972023
2376811899
3607430757
1503642073
1392262528
3687477766
4465364563
2175558845
1988086037
1507436682
3063356441
2098681840
486587285
2096945777
1709993609
7057237722
4585675464
6120243687
1396770319
3107605749
1644564348
299488688
4132993174
306751874
1374169105
1380079556
1297737249
1546925219
1535725279
361479793
1008578552
3925842401
2270495722
2353312812
284717611
1941150274
2291214743
1512533098
570325245
1450622120
2264377213
2278401758
354342257
1236778375
1809202287
5871779606
1455848447
547623357
642864993
1541772156
3564881654
1255778683
1735066236
4464160070
601171308
1401783588
7941769889
2228116687
2967185614
3268239820
1520285443
3712609876
4357803193
1921110848
289316891
2898061136
1175564858
5327247014
414831292
6095779885
1617943765
3230674068
1420952759
2929010337
458446068
1146216373
2221714995
1636014881
2261860718
3006494757
768452568
1504348614
670122493
4506846172
1600191107
2544550762
4505626259
5399803181
310746593
940098065
144297003
1618048222
1904207328
2374209698
282517329
577025449
1390793226
4280952916
4070527675
2353327747
1538422984
552470192
227636640
1766052020
1978879323
1982444926
1557180785
2088109327
2252965120
2534610874
2878913359
4150994616
553408706
2966604815
1367279745
974877031
4064133264
1501472061
2362384628
1043297770
943583056
1557310579
434882270
210424965
3987300658
7383620551
4024221219
357427416
2905668872
368967023
1512599719
4532971557
6629807628
1490957714
3258841928
1811409324
1703482336
3676816786
555440690
181835461
1283881755
2650347190
2287475414
4077018873
2073784826
1389860333
1979146374
1521188345
1420244857
1420977871
1644701521
4005892392
2315943310
2255044951
1256368476
384806747
2094263825
1201882524
2008891083
497625573
1620550265
647412411
3173673419
192020137
1598547269
2266198955
1476183810
2166380071
1624831117
1243199223
1537975614
262357263
296471531
2210228415
2137348308
3623142464
1518222787
757543770
1635433070
4338567476
1947972830
1417197938
2047869374
2166682483
1285647645
4174584100
3587860800
145366163
3572251904
2200632614
7765004657
1960592829
3266681128
2304775115
2367085865
3295043034
415184901
4053759084
2208641253
1504157869
3283942468
249165544
8249992007
3181296228
5793789939
2302663119
8251836223
271917903
2948977317
322786577
7021079784
1692460419
5319484051
7297936432
1483323602
8195965531
2081844457
196074368
1354319375
3044678278
1569208676
447967842
5989065796
1505190704
4479133998
3026355784
6297449445
5537549095
1508556092
1321446376
5497456963
476708465
7057607717
610604252
6202873008
1420768674
3881297986
1508314737
6792724743
1989875899
8002435924
1537345781
5793129687
5489250470
2192021407
2077636683
7311239177
6169206092
4667948781
6215454576
5671533184
2023705532
4096690664
1714836483
8362637132
6431058464
45380019
1122751488
5965170420
8273246441
6000503223
2074903586
2325204830
349998402
703849930
8291081976
4400079654
8338911565
1013168081
3129212545
7945721838
504094472
1345527864
390643420
6346744536
493556772
5590710449
340673550
6189631161
2294595063
189931821
7152086653
671804350
2271363770
6795547246
1609229960
5403885103
8328747671
416336253
4480876755
5930585960
1237972543
5690765811
7230832383
6926202235
6972516856
5699331902
837172417
1234527214
1514107922
1424634620
1179420699
5499541170
257635263
2161129245
353446193
970532981
8348875592
5799022318
7807416222
1741141859
333612346
7718965883
8336691638
4418667284
1314365069
5894010562
6153664563
7681717274
2201730985
400388126
8137696957
6321507650
979130425
4006397656
8364048241
375676735
7708886705
2236281552
5601808343
247983418
6265299021
8201022613
261338956
8294672618
472349193
5717494737
265438269
395790083
6032823432
8474946874
2268686294
6832060913
3534830318
7711172585
7891779083
3255473392
526966647
5862742513
713511427
2142808155
8321553580
6054597170
5566094387
1586772407
5857562210
1392932834
7273905759
504483882
6195085383
6163125839
5500114374
2945159013
8244187926
5685870089
39470256
1991110544
522388085
337926294
944883791
8131783574
4480811142
3022059589
569942176
1949932272
8300327669
1146459390
6511488905
8151894500
337556316
499237637
5647968636
5420025574
6141897347
265396146
1600327317
6360637210
7590563656
4790048736
4734208905
1554902988
504304269
3616403150
5518674942
655962153
502863412
2310107728
5932307416
1499313093
7172409044
7695998510
984793098
6670781337
8303336830
476513250
7448351690
3485678460
202196979
2177342977
654813005
7117315867
1510052296
2259214589
1549811137
3580467228
513693137
4735568737
4653233760
6189082266
7947677748
191284433
1575846342
2136170911
4048691150
2083278293
4305831771
51633091
389797075
1946414215
6200679030
462573206
223973527
7335469608
1320847100
7779877457
3063799376
2300674553
6425260879
8357636760
365727162
5569433247
2610877646
7690703522
3315377424
1412794855
3627702841
6535443283
592180036
3084826622
4170772361
6487587360
3725892624
3435518242
6187988862
2258883874
4249801286
1325382599
3135763708
3405811217
4054641524
520577114
1759030615
5321755369
6554670191
5539481117
6176370748
1524088146
7783336834
1931004717
6274219656
1915373448
7076455033
8515211234
300169887
230878220
8479377361
2400987625
1443139508
2799916904
232602764
5852175285
1920218230
1478204345
1625767552
8079829774
30688037
6336708789
757281462
467165310
30630605
5753997854
421857154
709148613
8256712472
2054914025
399838276
1490126537
190918938
3140043331
1144116349
2463144490
1506078576
333078246
188076560
6174277495
5820136328
5588329414
542535500
1619190973
6354842101
6540289862
6201368238
2032376606
6372117061
1290836984
3922224537
6001672301
364092496
489544761
3587801130
3315458174
325830209
3154547687
2060568687
5872192880
1984883989
104916703
6072314111
4694513660
303186450
6063344050
3055823455
7275227677
2522783154
4904984274
5939995839
7994467443
665704551
6309212384
6335449820
4299421483
709817533
2546706979
417356685
292649465
5697612569
483879843
4787947156
5748773482
1271919794
1167721254
5472553293
1817055423
2272239492
5657696068
7161440815
1354401525
1820178426
692324054
3645356463
6141536427
5378358758
5957360625
3259015193
327253901
623454646
6332706010
270526304
209017502
6075973838
6587659784
280259118
8551268915
3403608307
3996925303
8228284123
481893521
1534028591
299524922
1416939828
365881430
4177889048
7337076695
631984593
6066414119
283974740
1160553000
2004423701
7627494137
461466562
1133968835
4283488374
6732012529
5967400912
1964993115
309231963
1152931164
1926285775
5599534488
4470928016
467236413
1983712888
335813095
627970120
1817722849
4681917536
402551025
1330553837
1009802390
6930240002
1785482644
4838562125
263536125
8564635936
986075371
2230875020
1819332441
7059376201
5392530992
6830967819
5660555281
3041462014
4024908004
1115760652
3942383265
1292555752
1479441762
2281199735
405415358
516772810
1819483382
1506579886
3285058204
1651226260
267133001
2060483456
2903264489
1461942245
2750900120
349168083
4151952241
530417297
308163111
4776107372
338902337
3534515772
1654502823
268596749
236132274
4042001357
6947954756
1077654872
271825830
3687683001
341451001
7138256950
3860516839
1578497671
3122293583
3156309231
4217541631
4467863836
1496914025
867971479
550227439
1382428500
2516103129
5961639603
329914627
499937507
1358567198
1326743023
6680278221
1231305605
4726674191
1392500250
465829015
244253056
1988723164
270358672
6639916832
4264797444
1368314234
4108213043
1698662587
2764477143
7161570848
340561129
5673162976
493653503
2130331306
355065644
6661915418
2728088760
6175057127
1532731002
1704624092
4101472633
5338064977
7434468734
599545377
3114850995
5395910160
5530249095
1025047416
1006238453
287345603
1006871119
4679863591
6947646420
3182036619
3787445344
2271543285
440935725
585935135
2079949758
4908666915
1978839551
1483467518
6167165842
1689577216
6760208990
1178005179
6801723656
227535476
4521944821
1964453565
3661560934
3317410790
49105237
1453649848
337304176
1750772674
8478134699
4539971162
1599903529
5691114586
6867471655
1456667860
266753506
5460064531
1387642368
7370931689
1570434454
4485994297
4919297935
4153498958
1217143130
1682824362
6283527673
2089287741
3703882926
384561231
4247836126
1441567023
1400960605
6763385435
4208650694
3921845614
1034628908
6876611991
358284384
1711549434
3274516808
5422543929
277311809
5354429577
3262163347
1410363333
6274600183
1627944991
7638975873
4168257399
6995460962
1116583107
6876866969
1429255195
399437096
273229459
801127359
2221959880
1923751981
1551943528
4210187229
4088340496
549324396
1635981755
45688599
203348830
4445840845
1721101655
5783311277
3985998833
6458874423
4291133350
6043077057
6993301757
3661588549
1092252332
6042076779
6214629302
1449041795
5754222440
7026574093
4705212823
2137910286
4206013301
5535105959
6033210048
419919593
2886297913
1477484299
4322133391
863487175
4761570956
327635852
713311231
1444981913
654351223
1443155525
1437096203
254846413
552177148
316162875
864531679
1390937368
345837797
344267190
3863931949
426704210
2126119074
1551645651
1032676212
1529720949
3188977280
2930777888
2243036979
577464459
2119755056
2860280498
1181507616
2871245946
2267393500
6582269109
2094617127
3211793386
326495815
4281993767
245749156
4377410884
1724047842
590220836
2973816014
7802279293
4514248905
4488707919
7149088886
1249685975
1365773001
1447447986
1490891797
574110742
1015056897
2092618311
8007413118
5479815801
2021147054
3141728825
1390978737
954623019
841336400
231370226
1115543244
2935545651
1455929097
306198063
389639442
2953979975
4523755973
1642495289
271959584
1562354861
221293380
4522621640
4768909691
1543713733
437351443
4302533615
5689220733
1454217712
3197227869
3876049632
1305717629
1587236706
8595734539
2224148150
4085920069
1109404863
296899695
2439543482
1439373729
3104073436
919738145
5596351067
3262080584
480965762
4530591248
1309199074
5392395837
1202226586
3227800867
6975846485
1427520135
4571389648
2194311603
3016202833
225725078
727620843
292780546
641211013
2069522830
1521086425
373005760
1768138122
402496012
1909259812
6920848305
1179253570
6779036216
595536334
4230016192
4230190491
2370869088
1382240806
2758972967
809833695
520535636
4115117830
1251789223
1339697176
4485422179
2078265954
184160131
1450885054
1803240961
2520471898
336222471
3449832789
225728853
1277935823
6424591946
1904981445
6591579822
1352905323
286966219
2340577379
1920579850
54167828
793710443
4432273229
1438449552
5862031501
4363060750
5496343591
174739579
2462778488
6572009300
2130107708
3289278621
7000641083
288397481
5342309495
2381749491
374210671
2305787913
2055292569
7758797285
431579281
1285709316
1692456129
8230201384
246911361
11443713
3576333833
4559123173
3158682616
3608890854
1000403105
1088711804
4362976452
2955338193
4159500274
604856937
316983912
3045132112
6692345809
1721993042
3127972991
673080438
7710469536
1297067066
846211227
1471936122
673193458
1819271897
7100500660
2006871243
855979520
1128387858
6468198970
3481433625
3522129597
4526427760
7363965065
1025483179
852705545
6807998971
5563578444
4641988924
5412172570
324942279
847026760
4329469116
6703175368
1911313101
2010603292
4266058969
5381115802
1356326157
318637367
7340474027
967825607
8141758538
728542178
467520765
5977991658
446209350
1488814565
1692152303
6932581437
6122201838
4208137603
202461319
544408379
2948370870
5471920078
2178898761
7144365377
2033042172
2578572093
7599133247
1277450678
272729282
1718522426
6291050080
187635519
3184206217
910178920
314849079
295083907
3147990477
1118851740
8122934289
1925424062
3518107857
1632241524
3679885150
2284969069
2058159838
1497500200
391187799
1745977234
3245809684
3180868959
4174548992
369452211
363098118
1306425564
231408895
44704127
1096301258
6684433393
2073806458
3766985048
692706512
937285818
1522278053
2041926642
627094272
4862618315
5904966071
3678580595
356203341
1034210791
2210566684
364016278
914636121
4066814710
6811995937
1495731757
800172236
589868753
468144079
3311104553
1246454427
1184765595
358544798
1695704202
3964263030
248458263
6869214363
1252277724
1915491493
277134066
1594576981
1441411883
3011587253
2054645269
4921626557
4401486596
4884723253
428349322
1422376934
50046069
668366586
4143825444
2032757527
6994486204
2269966743
1482724755
1400418663
251100517
1421756201
1457307708
3922078634
397904004
2182353243
4217603420
475310699
1938594676
472987539
310732002
2077927178
1444500511
6945717259
1668772964
2921864863
5496823980
4544239267
1948219311
7232694771
2311587904
2328279309
746032652
256646909
5644478340
1537963660
1400573277
341950087
6916233071
244923879
2000874239
417567923
968275115
6303940851
4128827476
2428488314
2052278015
1414260783
2421520169
1360733354
940554550
6205412386
3418058485
1695311895
1464389288
5525937272
1558799791
1313015262
2737768625
3288425215
2052937316
982580407
7445843085
3750349400
5697007369
293374579
525056942
291400643
364324946
2133872907
549402643
4131133056
221668440
1988555469
4038414778
1931245199
2207222090
1611439385
1448469161
1437278116
3648614307
267895311
1759731108
1626567779
1303543088
7366786331
544614171
7509031383
5609383806
1208928552
2218037956
1959893052
1376356010
4133304827
273808626
5748306643
2322033103
5605408319
2087304086
1595057296
3586985907
578161164
1643860681
2135832795
5796242516
542329677
310446593
690921665
5594734415
1262048757
2281012720
563775684
8377958321
3296890123
1267461113
2344635537
1416728394
350930480
2899166723
1037160780
202169608
378529803
629118684
350294982
7249153277
3851656569
481255190
8456768798
3549352349
441033300
3529864442
338215349
328328374
396276966
2140734560
5705216797
7100661356
1534635467
2003895298
1284656828
1420806011
7540138831
294676011
355122131
8332160017
6255502026
406858561
1390848456
370704068
1718522928
568488320
814829869
1760070842
294158524
552245676
2171929449
475297377
6166385134
2138063598
555120023
196606957
2077512498
1657026748
624366541
4064339812
5904970101
3850793674
789424489
7100858217
2230854167
1187151644
3758867452
218404807
1454738700
471093141
2297143108
7137556569
1160965264
4248255090
609350070
5885615728
48980737
219025228
1464677374
8205396383
3493293719
384774514
1476913782
413493404
1723957450
394242522
342179632
1767065716
8077893981
4157536513
2237644040
1394301494
4304873813
503069463
249802496
1941000091
2979367415
409237508
4467382973
4809202793
2297003848
588244325
5724296143
4122727561
7279823795
1432980615
4474632329
203255912
3033199250
23466041
1966691083
1078296556
1197042410
2071326292
6480870902
3021205577
602265323
6733629188
4192668395
547375614
1599800597
8440107081
562711025
4763907016
8297518704
1966495759
1090685415
7177685285
1337482095
552500562
38747846
2002186784
3609112718
5473229441
2240092566
1667187547
1615679996
3896185088
1191794233
3703714807
5490159585
1698611378
1076226656
1449992162
614443214
2848112745
2131376847
3257924026
3000589987
6343138643
1488341072
258496092
2096606386
1273641558
620618879
5364235581
331187488
3109466954
346689595
286940666
1445464832
1634131510
311565486
4648134358
2332815670
403506125
534838847
647688049
1577703462
8497987258
5534641098
1434911186
2964670162
1719453913
1428944885
242813571
701790365
487287305
226878354
4825249254
2907924130
6650244884
7117904494
318128271
495678792
934630600
4704787294
1088449301
1089741181
2277820051
6679205958
4870802095
6099016800
313392857
6831794482
4073533728
4626444378
327072686
783961367
252057701
1967358160
22680431
493047569
6150441799
3558297147
1272815005
