1353277370
442071206
185361289
442665524
2285015080
27589159
26821575
2077927178
372092697
5608585714
363303359
209487303
179489323
479253744
868269990
1729475869
518534922
273138735
26062223
33734918
467199648
182278435
261784207
1798348714
1825807451
227700417
607043038
243365425
1639564984
5895313714
1316127909
257668514
490292776
184436910
277751245
1517501354
47485212
2248535072
826128764
5926169559
4303471605
5784015182
615652774
3282032626
611117255
323543340
6069946790
3663710493
1782605500
212673008
1905129612
6114126606
5956418436
298855141
25691739
384195574
337304176
245150983
1241401516
1588207350
29743180
51850862
590659971
469775499
1683657871
257049588
1934199778
5480488606
8675503
15530626
971626090
305488271
373208107
8594423
1579169127
3243271175
403069774
3979971810
347205686
2149695880
3671709233
2537716513
199053835
256849328
3218666058
6107761421
56137129
5625180154
637167923
3629600576
3251364857
1717697694
419532757
502948655
1816224598
328879933
1903531500
188217459
6111461079
5895733868
54717604
569815922
1783626204
541121958
5661194470
1330358164
390099595
329396829
221403678
238507907
198272464
38181216
281563190
266073813
253404864
218733136
622503301
5753843903
270071203
353278121
28895144
55048658
5728735986
180406431
418664177
3321147892
245974707
383285901
4359070127
181482919
471624321
145949863
263128610
5622531880
6166568078
609070546
346079620
216430774
279388698
6097218315
52584274
6039620829
3557672144
250648600
271701611
370705964
300422111
4945921089
6216390353
175975826
4305380631
1173807796
2193071201
5613213011
213112743
231216588
626070978
226467296
3729048437
222136513
217280792
592141155
2361923994
2006529546
5490159585
1579306535
655984383
1394131146
1458177240
224752163
355054844
296988522
724509235
25612596
590057855
927920695
1416917609
1320101061
279219798
434533995
287005737
5761104004
3710643260
717009341
1071237274
274342148
5565469735
6230059775
334853000
1265518854
226952245
1427634388
4198330862
4103228141
46248587
6049202700
4031748120
2235188725
526629250
1698245306
231232732
283246888
249493962
543488122
44941569
4819937071
1436995241
548265716
1088417946
239252138
542653834
1479003113
1584798635
3265853950
682565564
391556765
5819872808
6205291360
222996040
290216601
433581843
289885554
6229935725
1944499135
5635952553
4294259232
6300410896
4944200386
1483697684
4690099705
42801320
2055292569
42149065
3294484680
1279777298
3159927388
530207454
1062154564
6151310649
247787823
5362677321
1633646646
2070428007
303489382
6332603160
384561738
673193458
372838886
1559919122
40089327
424736106
242500203
2240954894
6337941268
4248713625
241240766
336571647
642104831
369828305
1006871119
232123574
39712036
1965078424
5853760737
374627512
4147409199
219804486
3029583002
710921039
6215730300
5385968794
184160131
1096301258
484398103
3531249836
1389522393
510260791
1576072557
219169765
5925058867
598753131
505740378
1647533790
316997049
1755533562
1488947994
1770375788
6283116156
968325940
4156947745
4210184880
6351910941
515334869
5925901855
1235653969
1360929439
6330335838
250343064
3974588106
522443784
1689478226
295308482
276176394
3927758026
266136999
10451010
6376759781
192501719
422072852
18260818
428306324
707741105
221694424
2151564965
9567087
202802231
3766985048
2275075472
1702949321
2034301364
5605596527
2305878028
3711413008
2069382041
563875256
954614349
1596550163
174739579
334899589
1412157581
3152904991
6423822038
2058054268
203411836
261563231
345546177
361766389
404108302
479214565
2105287684
4472298139
1653826044
337563449
1520631552
4451128043
342389355
6017112750
3573319401
479617268
5662627883
2072111154
2031841010
1436188871
668614276
3515902431
6556965558
368789412
1468483374
6367804707
6572009300
3896382989
614530876
570875112
5326599491
1931880805
6224603899
392379522
1475484467
238756240
3471908100
5894773776
5534019445
1234244356
283774380
44328361
1402346326
6510299462
6045516593
527556716
2350552778
1428767762
6647144534
310732002
322112166
6650244884
596329821
2965684261
1105310890
370656233
1619844466
588794095
6274600183
627534540
413337181
1949088186
1417760451
275477749
1285551049
698538524
1384413416
3989779080
225087159
4334336259
4924922449
1333146762
3242184762
230684456
268789948
748174640
1387783466
4172196541
6351834967
6692887281
197376841
774366668
6740737403
3754646940
6020220446
260113964
252525820
259830875
6110815023
221204615
6421386755
217443122
4581439061
5941225535
1490678612
1439516807
1276698477
5718964510
6795173673
6806335800
356340766
6336068394
2344208392
344006081
1580390635
6283950126
6847155086
5422543929
520709660
6678277959
767173981
4115117830
4158866071
1232717881
201883463
1089949899
489250346
5829961565
3786126236
5697069794
2133782232
1477978530
6913303082
2076839495
6913345775
277730458
288597388
6779549452
5851945575
8933668097
1437472585
1728647575
1967688444
1021627749
4268933051
4002868667
7206096208
2128070274
1700459039
1825317851
8586091506
8017317266
4491251729
3576552079
4260506665
6158576645
389787017
264326905
226172835
6858770992
1242801092
1288746228
784110052
1269138937
6697219166
1044858622
5870925047
6830721685
7602742604
8044121431
1141411046
1759433436
6010174592
381991867
1585087210
224768814
7570865907
552172058
6691101981
347251866
1710322470
525327234
235217121
633070304
4037342675
544539238
3890640610
6939644991
1092374262
1346115427
734333923
6972261584
329013205
6972851859
3445203859
1591761861
6211482974
5381435985
1129021102
3830465095
825739772
1302077893
6947646420
1341026162
1318416445
1780988709
1267537597
1153691309
570376494
5451203203
6064214015
6157285341
6768633208
3773409646
703223527
6909095452
1017771186
243893231
3955149402
6824012020
964194829
528310459
1696165516
502705111
1942905319
1667119264
4872626260
335996924
1400531462
323690688
677850118
2210566684
675444965
28112735
5496823980
287451681
6944817426
2309948689
588077587
6946244022
6985000324
275564527
322002855
1690503796
6974135531
533132846
5656066056
3928060142
7013170755
2209037759
1490582066
2936015540
468191324
245851422
1510518324
5942393735
1166669257
41467719
288367986
644448009
408813605
144661950
366615581
4391643421
4784701910
502843037
2935163807
1333117244
178347419
3090594462
1913356906
414848724
6062475433
6967133218
2421520169
6697700435
188963045
6245595322
6982714888
6830967819
5431839111
49483913
4739680948
5880785485
6958999885
264318922
5953148795
632750347
7035192721
1069339074
6206216269
7056547127
5688151091
6986796291
3246165270
7082880749
249280657
371426844
1209113207
3701316609
5806128824
316983912
7046880696
6909805806
2231446064
936335138
7197419987
6195754654
2365814498
1455418569
6941177072
1016665049
904507804
4056469422
7230008636
4302193694
7271515942
4024908004
7257397103
3178973011
294158524
247920047
7148942780
1040773793
302020430
256646909
5900515942
325525434
267184913
264545506
6960376247
4659226810
7281530248
312975977
6220477281
3985420669
4094467970
7234282848
7301326213
301738507
392862150
7226912104
410143893
354196538
1220816241
1814759572
351859427
6954241945
234995204
5350444392
1654502823
5565126554
315630222
294603110
1582414975
3965569964
5807490974
43993818
7392236497
1378862216
190670877
555754194
1909259812
1289720573
231452073
867042839
1782310722
3441035212
224410725
2101010305
3741582891
2959518649
1285843568
4111030900
7325918054
1472279723
4060368775
345837797
4166255059
1235456436
388405214
7290949461
219011560
270334139
5323648903
1073723522
701792419
619916635
550557259
7233179233
49881942
1956488571
5521312995
1591928268
7435745449
7491044486
7484861958
5644478340
212129154
6795001290
1086049133
1334911192
4223085563
558694668
1354678080
1208300333
2957664264
315173374
305123748
1009525809
7330468996
1821231888
7547332818
513096153
2495145917
3129723536
1904981445
280625039
7290183643
5885177417
1557817058
2267124764
3537265932
1910936138
4761587547
407978450
3002855858
7601987351
216532009
1746343298
3184901350
4922546432
7532851218
5609472488
5642602920
174541848
1341151544
5604942896
2102028529
320740090
212872920
1368314234
3991581120
342179632
3211793386
288870952
365463375
7682537633
1297427167
1453335696
3005092765
1535022282
367645944
7279896331
23931136
7100968328
354623062
458335446
684860830
7352069736
1410876914
7728273397
2032117067
4267369727
1101585849
3227284151
298886024
4149832693
266951783
1645875222
7766365779
514747610
1085659079
328597156
5471920078
5835229434
6752156898
228084792
1940605041
222185303
4306126098
6089936121
7398838142
1667187547
5445279961
1750382425
288989661
4574057839
7801075764
7080398049
2961812179
1911692519
5860933736
291290889
238558632
1928905328
47537750
1252277724
1756350844
4183093175
7754253679
6247939039
2060123867
7758797285
2053364680
421531591
219406241
2078192217
266086613
1540080958
235349323
4062726120
578964275
16213285
7467918244
1022537485
5561904023
5356095817
4538045977
584116522
7626931444
7952166768
268506507
8088129481
1997508479
6675619986
7912136950
455065921
8120774365
8009776041
5654248782
1628483073
729686695
8001433749
1175372296
2535364856
8034065329
8157433089
314033825
7965189656
964102514
258768399
255681595
1743926035
7719097858
986379794
485396011
1815153204
960271643
535677418
7491333616
1179153242
811218020
280962732
1924665270
1385357499
4112639281
2542722207
1637394161
6953836152
1131627106
2936930245
7531746534
371584170
6167597201
455059049
254816366
2182418042
480763543
1475401195
7831580948
587846604
371163519
346294146
4360388990
6866470253
5865320281
490776537
4811551528
521530446
16434694
747595329
845953582
5678977184
3572745308
704994649
2229150833
205118794
2076767495
687611791
225243193
5407673458
360986933
3141401038
344267190
1143182374
1001957269
1826929169
8160921161
1516043267
4127146641
8179529694
1537747497
191864211
6936168456
5873792743
1657551180
367753876
435094391
2261822116
1643860681
1487535549
2011775427
5501835306
7733648616
1635174440
339304312
235465416
471481407
5627845315
257970895
337927193
26811541
2219237969
1546790224
546139559
1273940014
268596749
501871931
6370011249
1417930600
2339488371
486346276
294765654
3533437605
1606528997
573098494
6488532498
3506089005
240841797
1393518796
2984821326
7096240633
225272552
323741760
1477819361
294676011
6720497398
369810291
383576089
1289106808
331863103
4904493937
509042826
1368757989
2142936206
265514216
7067529705
7945639724
191538441
207389218
504409951
8278317134
1424537197
1121930278
454797405
339297158
425031293
6016912598
176390962
4984015163
1279579375
1627706134
265952289
1288710026
2093463112
289682289
561238806
1460013265
2143965629
1198527269
2012085984
5689320847
1550579852
305124906
7658779874
8343989083
6640694914
8249412538
1418089399
319116489
8331415953
1546663464
7718293087
2078268679
610354562
219732049
1394989802
15904948
970103623
6360688177
218860505
1382609571
305830409
316993089
8222870132
7781388289
524097907
8401267797
1655530637
1596944795
2608052803
928175932
1508099707
1613705197
5311290140
1001241542
279592803
1377379339
4154703213
503396354
315461090
258496092
891680470
196067579
1429198557
2216332330
205917648
1417139838
1621657551
1743314014
1744235597
1737163036
6643024823
7749372749
186967232
8298573732
4552820498
1777820235
290173758
3926290263
318936661
1963854801
1788901136
4227640874
1798512665
5588568781
1284723451
1364355667
2039888635
1643414226
1357454600
1809152777
363359590
1806995834
7496791274
1546089003
1825460656
241449954
497720044
1830390862
1835734656
273947616
1835744015
189020570
3575326823
1929609351
593977207
1997622969
6711447026
2158046956
2080430911
2140011781
2114846767
2105266880
1492793026
1704516848
801972521
1554368546
306474895
240822501
1980501318
543142190
212520065
1200383364
1905698774
2065714060
7995769240
2046511152
8469103723
506452961
1937288910
3550862547
1208254809
1998934657
493208580
1989736997
1984537234
1475380356
214498261
4248257825
1662941566
1633095324
1450240762
11558547
613935220
1506825218
2054580389
2110584759
2085391148
911743000
265984207
1566751483
262387119
2033822302
7043472413
1918436414
195395205
8513947164
2116513407
365220908
1901450708
2459493116
2137453151
2035053398
1755224029
286966219
223918417
8474395581
2039857610
2042657658
1533464436
207345477
573290911
5731371351
4582004922
1472603334
1540385377
8365626455
1088845437
1924695497
2047104176
5738227334
329263713
1994312371
1828169368
7795243452
1474458737
1926318989
1992857352
8197286831
1946731037
4134491200
1472095930
735109113
1465759965
2142602911
432950508
2149836643
2048218295
1952596044
1960039650
1274755894
1782685998
2157611716
1326715684
4578654666
7628938586
1721354286
8360297146
5872007094
2103807402
1579190098
3514548453
2527351807
243922489
2532832128
606861369
4202940560
1726429904
518141185
1420472338
1288573997
8461864661
8574180719
498401877
8380135764
2711801315
519497077
397904004
416948446
8379033158
39789912
222382178
1722787701
1677722615
514062845
1444801565
371112503
951113534
477581922
8596681303
7169983994
243690434
2095949782
2204866968
194778088
2096335395
1715555151
2220254353
2222310974
271917791
1747626790
2232326299
1831552374
2046814629
2026343041
2241767422
1434341375
2244386014
688300275
2254451911
2256109711
2078275997
2274382634
2267575871
1311300479
296327155
2294587187
2200302791
2309706577
2310076308
538475392
2157607895
2319133816
561126662
357600830
2356937959
2372191801
1315389450
603675816
2537565415
1570512199
2754059345
2758530638
2270338902
2692115551
2867247847
1662751765
2879857590
2882471522
2911826897
2917756598
2740573654
2948729870
2948829712
2903435891
1975682208
2976403743
2982797842
2460950489
2955073174
2598091492
2711760411
3110633231
1455739384
970579786
3138243100
3153451898
3148941689
2882800831
2970226464
3216100513
2046160971
1131545355
3200172171
3266433356
245745419
420371719
3411156085
1619341621
327198504
3422847013
3281214945
3462769121
3204358144
3254071448
1809444972
3505829660
3523735276
1970217961
3534515772
1301589800
329015077
3528058462
3253106096
3179305440
415002178
2133098303
2107157336
3647085120
3643658622
348618917
3250397790
3696075012
3704510693
3723744836
611687465
3452606896
1455929097
3642218274
3871556450
1523871411
292865545
3919977291
11441759
3935028093
3469762997
3966161850
3956652319
3968804992
1718924606
3985267970
4005082821
4021309319
9210340
4028897252
541785314
1286753243
4064694675
386462706
4067071586
4083052920
224341281
3668054728
4138294179
2321122190
626065788
1424640395
182829348
4158578948
1558473682
2075108012
1520175496
1819393470
652258840
791448120
649845821
663110133
1582457132
4038467286
4232912043
1990859564
4103776208
4137463534
4253830517
936445877
3008738256
338756100
4254165634
4257437473
4265200721
4272762733
4290147009
4290054588
381291765
4309450619
3597186610
3909590026
4376388000
4321026218
3259238634
2954687923
3138914063
1229413500
3563639748
2667986854
3414270166
3567013606
4285582283
2337676593
4556695864
405415358
4013361145
1953257423
4512235061
4155991335
3005681600
823139581
4359704686
3045306472
1197059913
1954924082
4536070704
1473095917
355568697
4161067898
1130493095
4520059092
4548518484
1478392045
4342114027
471810080
4488472593
2958493798
2005894416
2385882882
2007383449
1811993325
2055264642
4550436237
1785044192
1243474682
4542539553
4268706894
410596680
4555100277
1098271501
2026952431
3535092574
4210377794
1977674693
4401034600
3557416584
1130552043
2205466380
289836578
4467236386
1698366551
1795979001
784347595
3572495870
4041843776
4141744762
4528580247
1765075092
3165720214
4335412842
4248172440
1393560523
2481727810
4546177345
4358169469
4460605211
366477173
2315639448
4067326953
3936225519
4166905910
2060493787
4453376294
2911867568
4363114395
1604366976
4516504157
4484574469
4441896499
1411173688
4556607645
234984315
184748551
4546308853
1645223276
4231196842
2270170240
4163249026
3193559671
4518896451
4140652372
4544454817
3474443534
4216471946
1030086161
3117876342
4402880344
1224016536
4310441414
4518152792
1510276630
3675410120
4565273993
3581493550
4500666178
4072758478
2284969069
3268266397
1554404704
1544742189
3237114821
4244599817
3632033484
3904345350
354871541
2955413903
2047732801
1779854806
4531044660
3498475887
4471632887
453023652
3519956747
2886297913
1410908124
3303877799
1614909295
4516080854
283921138
4546829621
3952092041
4027586051
5743779
2954576470
4239437080
4182374094
908372748
3983723157
2220682486
3823280566
1907950758
4514516266
446597869
1385727012
1664175572
294565245
3214372393
736397522
2109486825
4037069179
4465039306
1422376934
605658769
1381475654
4248255090
3823494132
311546251
3010974266
4414754182
1970685282
2363294826
4282686897
2206089765
4400470182
4329028628
1799853337
4020719572
4369551406
1128604129
2911564797
2347601149
4418493548
4093308448
4481664065
268692609
1551130431
1825429246
1628716244
4302688228
2233508583
4193334376
4177740023
535136301
4578489080
1829580857
4353448817
4281194109
2034304166
4360069941
3002642520
2217029033
144704336
743442364
4201540871
2292960604
3871326464
1545043496
3698038451
4001740852
2328618699
2199992411
1536721624
4004586712
3053757760
1620343961
440731593
4295880027
1289347682
3231165590
4163552445
1537821424
1660376766
2094624981
1106796283
4297132567
2073164264
1548314635
4166148758
4512232497
4581651626
4234894184
1502797017
2103047229
3123342830
1552026544
2976367924
1817433075
4262448678
2206265533
1827289092
4472727990
1608734667
4546417316
1674966889
894737126
2188854878
3409212760
4025984907
4373105408
4474197772
3870470863
3285058204
4302471197
1783689653
4337403170
1706162682
1666376220
4523601846
1472027438
3288335495
2934323993
4054411205
3714433216
3851656569
562095149
4471570470
4345111208
3205979972
1521392912
4434788108
3565166599
3672754048
2438825412
4014960874
4565210646
3979538437
4585193403
616151190
4049198989
428305697
3565196180
2130313402
4519153973
1921019974
1301701216
1831778698
2669607671
4512626477
2522803028
4292881372
2142281111
2139742835
2321653152
1602562303
3235508454
545077581
3924035732
1414313402
4543124230
4590171946
2555794258
4028023115
1756526281
4525698254
3244850718
3156618130
2875422525
1210907545
771854691
3520009588
4273672683
2240890914
2277105173
2987248779
4589924392
1615325286
4592289470
4292355262
218582968
2846077743
4355374275
4570730690
4100686434
4440779944
4547545887
1514058234
3209680207
3055079923
705328540
1174274551
552277625
3927427915
4214661799
4592244079
4008607313
4564811162
4587887856
2244989951
786965161
4568476729
4594075300
986844848
4529875551
4587252248
2686795648
1562437848
1710121155
3052996080
4210767033
3220065227
4526024627
1479066310
1968283522
4216734892
4352719078
2087213910
4609140601
1355564215
3822770737
4183064438
1319905858
1905259659
3537152520
4518258528
1413954210
1498555039
3565614918
1470653488
226188295
3411451615
4480910977
4592592286
2779726737
3435715767
196219001
4393030509
4343456534
4576870891
4257568284
2854639648
1436360626
3304400750
321048611
275723658
3639590719
4608613419
4546999350
338898777
3896792645
4472524271
4580935497
1361804392
4529789620
4591680180
1970865756
3926829786
4545053178
1688208216
1241095833
1641195469
1283620645
2521562834
276538153
1410797906
627529708
2007019268
4051548962
962981176
2258275375
4512325887
4140713133
4174075203
229899652
2363214743
3888853303
2871918463
1924109099
4141088209
371607952
4040777628
299138940
2122697386
4088708273
2042703528
1728854818
4152661290
2098919698
3453357954
4283968334
4477024850
406709743
1434360075
4623296019
3908364925
4602020422
1633669385
1742162580
1763167412
313669693
670645222
4202406814
3780115726
1569249884
3097367736
1164109977
2065784495
33564019
4367273823
4578152279
1909646823
1615869026
2372595936
2931362425
1267047307
4283466217
3830044716
4517488312
4128973807
4429764394
3513879005
4132611617
3971648851
1770522522
1640075192
2154313286
1948862717
3114206999
4248854161
4253528677
1687768819
1197890258
3103877169
2351707328
4542448019
1297012812
1128441865
4037690410
1460388879
2153634405
4082898371
1767065716
4634382033
4474356700
2048760654
2117084440
3517478963
2068203345
4161667017
3850861120
2212787274
4015102348
2087078672
1597571926
4469911325
4473366363
4475708921
3016627454
4153177302
2128127402
4320351680
2272313428
1411900826
4457457861
4304839214
4063904588
511713017
2922680491
4568270262
4254404872
2127157313
3295491330
2898025532
3114247574
1265031242
3542803094
4323757503
4365908859
399576222
2087400048
4285219049
905366161
1219871036
4582958657
1015269407
2064890530
55678686
2220249615
1986570927
819614564
3582408284
1542268204
1833824390
4338633167
3559655161
1534911802
2330745064
3542416113
3597259208
1453126272
4514325069
1253473933
3295374552
819622434
1238065562
223125178
4070045234
1746345633
2244331673
4625843539
2270453239
4059849472
4120737129
3067725616
4528419620
18657444
4198125465
1949639487
554198484
1176217380
2744433992
372841829
3575326136
3875712858
3749364802
521498250
3607690928
442012373
4568785060
1711457760
1825854733
387814845
1573689462
1996124563
3009682377
1837383451
3753065612
4152826619
2354938595
3974616848
3749453736
1706589528
2922412242
3670364842
3312227573
1798292068
4299058206
1131659552
3559029423
4205286610
2078999646
4172262776
4249044306
4452983510
3735312857
3121248022
3056497932
3572106583
4488820432
735824039
4348299817
4414020905
4530973373
1331254635
590699045
4165317407
4659259023
464445876
4584223803
1533374514
1318211081
1680054224
2074275370
1923351886
1533547479
4176145373
1572198059
2175512270
4316086415
4392060712
333900832
4229402175
1642115301
2030999147
3280059090
2869697029
4086686225
3948810402
1318255119
4353921027
4562547113
1339994389
4304680301
3962097221
1535725279
2313230221
4031774314
1295376580
2187024883
2292449522
277791799
3612681132
998471593
4627512356
45323188
1466680678
1410672834
4041194026
2199637455
1020390939
1359798411
1546061213
610995819
646974823
3030417337
261537950
3457422821
260973391
3060541858
3253161621
4486604263
256893546
2092352348
205879093
2334654022
2208736762
279227047
1467919250
4032274094
4341661079
2058020958
1624183622
4669187713
4048924678
4321043853
3874923042
4037604021
2269529681
3735561959
1753326988
4249433628
4061546002
638418284
471406644
3000681154
720545416
3127162705
3984774233
1971292874
733018597
1496819312
3838639251
3666485250
804731154
3808480769
2800902742
2051103753
3216324124
179221490
1369707613
4120678843
214348826
4559121170
756324544
1382652541
4044143989
1655635990
4366794929
1534466159
453569117
2679863209
3044820196
2095897045
3246046692
4675258376
620618879
2232850817
603147008
3988688806
4639927598
1433944194
3920809414
1589330023
3569504229
1811045004
3942527880
2320221691
2239074626
835392653
4125890763
2048368636
4515369630
1913516324
3649529330
550422034
1441358019
2261041729
4165720052
865206043
1537316878
4018852290
1596201137
754663333
2273066490
1726848097
1081322074
1452384003
1320743265
395281373
3407262501
2126430793
4150168195
2875898495
3750386090
3824040753
4566077376
4150147663
651290872
4219988174
2225759416
3493215679
3127365505
265942805
3087750368
2009114956
4268898795
4668236434
498399448
982017031
4160222880
2095091200
4293258250
1275150850
4491606640
2007424613
4059085215
1272213833
3134719352
1140369589
3266037670
4467022212
3195367821
4068513959
4684591748
1528233700
4635318700
4281935451
2555061675
2179402896
1958818373
1819448815
1275421056
2310142495
3885548495
2023924253
4268837281
293374579
4063373166
4216286310
1124659441
4533322462
4323629741
3641907179
4685167969
1588334440
1546711610
1518827890
3433153452
320644666
3923524817
643665755
3519110101
4472916609
1772910644
2421768688
2205362469
4614503047
2680497982
1517530438
4580159176
3810435812
3742062637
2133916395
1432945721
1544339163
4250738245
1574159082
2217657769
4328122461
4343211822
1956178756
4525264676
1601147682
3433263090
1546610889
4135752183
4113274633
4145997753
1662841470
4168607361
2199479261
4204262663
3114537077
1467364434
2709167301
3025531577
518223308
4492235320
4329469116
4462117877
1623371661
1378000123
3971433207
268948802
1466977465
3980234210
4584547634
2292660720
929937436
1800076790
3002572758
4287010742
1820625802
1423134162
4188468603
491965129
4549333558
2015430145
3144223590
2536846097
1109460693
4128602490
1428056078
287345603
4352905977
1752783961
4170826120
3012134616
1809782756
2041010122
3551281793
3486427860
4330374292
4461141772
2304466182
1424426650
1208928552
1539939507
4020229012
3035390911
2022654609
4204487528
320563585
4452881005
3801626205
2142876287
1276137790
280714333
845217346
3597648730
4332838823
3100993117
2109606956
356361613
963840910
2124316101
992663355
3972530109
304465838
2912842521
4476446965
4520787780
2916743830
1909265944
4089066463
417427519
4357357712
209980556
1556247879
1931681472
638504065
3447148364
2537981504
1167438614
3253910716
1564541516
4488330002
3426783769
1905775366
1552528868
2666298834
340768633
42854927
1562162726
1006581896
1644888280
2077301547
795175136
4416687838
2062324498
1919050736
1998023992
3913344373
1969666017
2974471315
1474328335
1648334029
4515754841
1991847436
758730645
1492027083
3440148733
3568075061
4351406718
3425990707
2261457872
1619905884
1793748799
830357283
4185410685
1601113094
3099431300
3296875991
2080322857
503323784
3540565078
4230762204
3969546027
3621669024
1647661165
3286977388
3039334416
1735587888
1077508675
4545337263
2101213115
4068304851
4540274250
1417820234
4141287272
3036754241
3031325754
3264351377
378708025
1994490885
1080811773
1493654693
2158207522
2255233091
3402184036
1819387287
3142208150
4265424287
2995423932
3946452102
3109670269
51278818
4697659808
2207686968
1055122301
3601740595
4116999208
4014430948
1285815976
1631784356
1185465086
3078402848
1022388480
409616751
1141194601
560550758
4139233992
4197302055
3950122537
2460605076
4484351163
471615910
3042353930
1523161840
3053003753
2438977574
578161164
2952235747
2360094252
4698128541
2165080900
4437014940
2101507265
4614617714
2912368794
1539703969
695944389
1697870760
4494857159
3200796748
3966928051
3562499287
2080425284
955735017
4481787130
4140103292
219500574
4095212569
3496425779
975526196
4270772152
4317853739
4544120213
2048533947
4535273183
1738429841
2075252781
1977384971
1649711078
4049602754
2037128796
1565780444
1092975216
3711898959
3410852213
3527637906
2885242268
1207599948
1477123379
4036600713
3595608750
1565139094
3002005937
4180137105
1433830928
2255275066
2282052290
145956966
2949795413
395473208
3106534516
4727666235
4668841026
1968838774
3951439275
2182833854
1453609171
3705667739
3958901462
2070528200
2270980107
433111491
2061833141
2559835808
1969318141
252684442
1443593881
1744069182
1454216706
1830186375
1410189317
458108767
2235046220
4264139796
3315813797
1442909721
1649897797
1593139022
1811163921
492034390
3165447055
820069815
3883767929
4302570142
3526942301
653399260
3502245316
3301335146
1736462607
1573371836
1522640246
2902546886
2090071267
291371953
3453705512
1999525024
4140355886
3225277063
1729488543
3537686850
646599292
3566313106
643738579
3125399474
3132878934
3239647283
3055058311
2923152471
654540108
4530892744
1457259031
2218322279
2410959127
3576315907
1437549445
3458234523
3935617742
4704787294
4012892168
4214766683
4226635379
1719664916
614415532
4260873819
3694803804
215245007
3055593460
2312347349
3194960274
1629354966
2009611243
2212896008
1447755974
3587031813
3128208197
4152253093
2277701752
549310428
3046627283
4214392756
1689782338
4113339436
2304070318
609398173
2010573345
4219857949
1996948586
4062722024
4051668173
2067432122
989743299
3185041454
646852599
3413768453
3652371667
1579973778
2551464759
529968598
1586710213
1152872455
2327097330
1517183154
4755381278
2419812122
2275260284
1366723805
3428323287
841169386
2317806825
2155013843
3429728669
1712892087
1464920762
3935844454
200319216
1560876038
4123298621
3961631247
1518274872
1504546220
964299507
3050313166
3033711590
30628071
1235778651
267133001
1989924233
3595694799
3271861807
512216128
2087834957
1664804624
3544644309
2082157803
576794883
4356421074
1576651682
587760927
209067862
382295061
1952151695
1674248442
479646518
262619482
3409588331
260332947
3444303233
1825407919
2202572838
2578467674
4005651725
1549463744
3964513836
4491470557
3545597071
4365307577
3149512892
4190469432
252057701
2027506609
523566591
456839408
1257336743
3277684745
4301190492
4565642348
2307036056
2228661925
3679885150
3683735743
2222283051
4611361991
1575371753
4515339996
1615032593
2257583572
4040632093
1703544155
3439746869
4546752255
2034665857
3727187192
4184471253
4426357670
2931934794
1798385749
4209470129
4302036272
2029941333
3615800760
3537915742
2029057767
1152209116
4770986986
3038914865
3962513976
334827829
1536673986
282461067
4779236027
3028900766
3485193460
3663857682
1412107429
1573597219
4106583553
3129532375
1954882891
1485937612
2728965755
1927829096
54745627
2794316981
1940693012
4171621752
1244165304
3628204927
667664279
4777663953
4789245040
43166890
4644846341
2263020880
1448469161
2012726084
4652567695
3935427768
497320704
1364683698
4220459762
2024617034
4666997767
4838423820
3182438141
2994437901
1419351982
643653905
236665057
217773258
366677959
499657758
4859455840
4859527824
4328694898
2353704295
4134493235
4678734880
4270644690
1389485369
2026686965
1209279637
270412502
4854449264
1767238758
2110653295
4570727494
4064222594
4634411316
1389917712
4578828490
1696692874
4913624288
1934263711
1717456803
4848365686
4861603828
4339253311
3601964475
2957031564
3234316956
2353538111
2372393921
3952945155
4939403161
3892120066
4955894569
1808252176
4974605077
2210092419
4875471623
4551992439
415922887
2142977772
5006213609
419369938
4935094777
188032896
4042296527
4882635446
5324734921
3212170155
2333963562
3455387109
1392647662
5312488263
2070060502
4756885184
2078233216
5005155505
544571607
3193573697
1695278562
3028751374
5357829007
1506836520
4297823889
5362337209
5378933489
851117536
4889229407
4640751721
4202529828
1822832137
4514499719
4859474791
4935095623
4694099095
411527563
4073360671
3493078596
1458403075
4960100041
4513934977
1906220022
2995848892
3153546688
2107022157
3670033983
4173288887
645113036
1580868285
4889677687
1511823936
5391503434
2280910355
225384181
21357234
3094500916
3061630447
491453417
2227252583
1692726447
3018591373
4576929737
1282915257
1452329464
4052657048
3546247950
4551686734
2209148033
34021575
2865291517
636768366
262417764
583646509
3425242077
5352582896
4103847652
4490410182
1437498522
548409012
3239220830
4434802563
1951308486
4283585181
4518660166
938910097
647635299
3896472065
1566208882
5347245000
722409061
3609112718
4266738243
1783619799
328332532
5374600136
1506199425
4353833340
1785243663
753796771
4076173617
1543313144
961182933
1438655606
5373808331
5363030507
3921668983
4866017842
5377067029
1529549689
4368769364
4397503874
3147990477
3957400529
798711421
4279838451
1736707553
2180608787
1292606509
4697498895
5456651278
1439847088
3557113938
1693101236
3465442870
5491478488
4210675156
5458444131
1098310674
5484877246
4483888036
3436094099
3490084528
5491595393
3206946898
4082867797
4025674964
5466703549
4482330664
1472554827
1407513236
5422652481
5505949379
1508118152
417337148
4086069305
5517846949
3748155947
5368931847
4860731512
5500043941
4097059876
5397767835
4159500274
4093015914
4515663006
3608206885
422493760
4520010607
5533916885
5539127966
5546541510
3288688391
4171051029
1723888767
1446081741
5427478586
4182213182
5527817476
1940146698
5566328891
5581084653
5071918710
5554268351
2367824380
5596351067
5471269574
5593173146
4701947301
4042275026
2533078477
3708639317
4066814710
4698182697
3127198279
5570803953
4255259386
1477837095
4006774822
866074870
5665542334
4159513586
1482724755
5660336056
623991969
2226160879
5620093605
3266219882
2164931036
4219966306
4715414083
5727279647
4472338123
4321809569
4696589878
5708818460
2189428369
5763139833
4780778023
5784521607
2051526841
5740448661
1387210031
5840560850
3275277328
5881258220
3274516808
1353583447
3165619848
2021822052
3941691653
5659352434
5852039826
1665130281
5519332197
5896869370
2092618311
4905060400
274613342
1575780592
5837623434
5719384641
458680459
3615506524
677022548
5836265698
3012411120
3429856797
289898484
328376315
4702548692
1147448294
623493100
5475970079
2267251033
5896191885
5801638584
4832225735
4280454339
1223661641
403253164
1025405435
3036364908
5632250050
588476637
5909648088
5805711382
1951068997
2084617237
2173106279
1745480398
4842009451
467874792
3223547671
5539765317
5542887756
5505362979
1440018723
3726079152
5884960529
409237508
3006544822
3323874196
5754143739
222724459
2101815737
356332794
4223171955
1516981941
4269087379
4521433970
4565198742
4145743090
534805718
3661588549
4300268427
3253777168
4224828392
1510311909
1324100159
5573659099
4026455389
1306419461
2069947264
5517734689
3306326624
1513542813
5908643770
4689497291
5942432630
3639902065
1357238314
1436596538
4513910218
5883052882
1454689509
5979187586
929749962
535987763
5962569371
2079479489
1371562877
207152765
292747342
5973079394
743428854
1164498831
3133304102
3694011507
5842685380
3266310441
1650242363
1491665541
511808437
5750687115
348516557
5352773710
3402501411
1827530734
4644829130
1402401483
2023754026
1644273697
5991834123
418520882
5694688072
1563965377
623695327
5994426329
6005979609
2000874239
3562101125
6005155293
2562736423
5705216797
1303113085
5899298238
3107504084
5904810150
1734866311
2312217192
1963792895
2894784773
4913509819
2157682531
3067962057
437351443
355608927
3277892239
1222656845
2887261046
1364082671
207203927
571936873
4055310161
3859540040
4184061792
4162567265
4014222499
1442951931
1499925874
4516349458
2294398567
4101472633
549887406
2178029660
412197589
2222644649
5747802615
800799373
529477580
4472940215
1413361792
1485118819
1518338917
1449768351
469538902
4049594215
5733874087
4229583822
4553107923
6037777893
39825516
533198193
5925817893
3296268967
5391881905
1479141027
4761570956
1667638218
4763483818
2269140042
998797556
519787004
666572922
6022848864
2358391071
6050651679
6057551075
352286946
2155953605
432916325
5478895756
4337895982
298521637
1530241416
1200454356
1671710152
4764041235
6035842827
1779379790
2236459705
329576336
406418999
654739305
3243111454
281367236
642864993
1395966037
1291079731
1289117302
1449041795
213747060
271105074
1551943528
3074430213
5802006688
1012541987
1617544165
410536799
1364113364
1928696953
298151389
373005760
1902224061
53884061
655602596
234754106
847838234
356203341
173569552
220010675
255426015
1272461366
1652979477
4636622696
319881168
232877259
367999297
4610682999
1186722727
5931537976
1395300938
1770021076
516768924
231373200
1577164187
1415791467
3041547702
306762645
324904454
268607496
593829136
5831383003
2081435161
370698728
1646009436
5520550013
618703692
303739981
539699649
4749016548
240108607
1818486320
408948832
1136689304
493408920
6066177947
435224724
207465554
1491081797
5037126403
5750437492
1244407394
674470611
2239966437
1464616721
741716403
3943243615
1413042152
4655497527
1544978844
5643593523
5696882553
5533368054
5968732855
3747612775
4822304539
6081165340
2166609697
6155605801
3921465677
219278110
556829178
560270445
6022021909
211103572
4211106665
6140217972
6203431514
3469997037
4108499354
6114098340
5555674060
4199810846
5846646660
4416701346
4109051344
1955891542
733568370
1924880144
4555696447
302248120
7970305980
5521237562
516766333
1693654393
2078107794
3121919647
3736474450
318279992
1825175682
566779177
6608378247
963973278
324942279
204731959
1464771328
5798404161
1390914628
46981894
2871206709
8042767216
4588463456
311585422
