2875898495
1288386427
1465674700
1425558800
1080801141
446558983
2332815670
3402688471
1430397283
190544164
279307607
1302176317
252057701
561881168
245777548
3103006410
257846210
1558942585
986936792
845221673
545070784
1644890004
362973046
471068719
409340006
4025151629
1988555469
695764659
2218344918
4137463534
272729282
2534057153
695998433
257575933
212129154
243372695
444235674
281656817
527972980
287005737
1298569559
436349081
3473294147
647688049
1096723632
359316810
3033199250
2021029355
633363630
403448158
4202011049
369096700
1208928552
997319209
427403854
1727074004
1524423150
268489915
469538902
338215349
493653503
728542178
2401839123
1483910552
1243866187
285799894
521454677
485898691
725536716
1022388480
242813571
247648497
3687683001
2264159720
723180867
3468630832
1152209116
1241095833
1488798263
2051103753
195395205
1278043552
2065262358
1514531682
507853958
363341351
1217501099
541785314
292119288
260231631
1446176287
486405835
983290612
970869821
2030469764
1819332441
2959518649
1115459812
607603942
1552528868
3851656569
2221788259
3443791560
4038467286
286917747
3426783769
1473472237
3156309231
515912306
847026760
1450622120
244770247
1179253570
1356326157
4029676427
616151190
1482773832
1561783112
1191794233
607264481
965429047
1720536595
486817697
801127359
179161752
2262722058
2344057236
248458263
2848112745
453224032
2304693162
3021205577
472987539
1579812890
1124659441
374134094
480965762
18345252
3064313292
1793169320
357665810
2208736762
4085920069
292747342
1050929217
705328540
864531679
287345603
1112478842
293005457
2817807425
1361782855
964102514
2328618699
581804290
567794362
1615679996
2213861704
647476357
1829152320
2271543285
1517469484
1422376934
196018362
1828101221
1281439414
2156513374
1013028571
1564780946
1809453234
3955149402
4230016192
1380043534
1507537802
2014770583
380535178
1392500250
4149196019
264024554
1777012974
2129890613
4111558134
541962068
1518502536
1489927891
1506865108
1333143217
365084046
1375358797
1452889970
4216488498
231408895
333891260
592752423
636768366
1524437432
3028751374
1288573997
2266141364
3600164507
260119462
788809187
1143182374
4163901407
830357283
1980943795
3758867452
264037740
212325977
54167828
2230875020
566239593
4117969710
1692456129
622574870
4103776208
3009682377
791448120
1725550088
709168198
1536746648
484163570
4237482274
1139629208
479226950
376216397
319747812
806487314
2226357529
304197961
3138914063
424743509
2021147054
2201473270
4138265170
3418058485
2907892932
2257583572
1107363306
4175382871
4212019970
2037365266
433449505
173767028
2319448398
3648614307
188032896
4219966306
1252163884
4220900333
4097673452
1500358646
1796565697
1564030690
666572922
1444500511
2207222090
609199914
1601713606
1493630846
1231220374
2218037956
355443571
338373771
241279709
1071734716
4229639864
3469762997
1440623584
1691671943
2251145363
577464459
3033604731
1327490382
4217405544
4158751585
1380965112
1574977397
1686576855
2037128796
2182833854
3930224981
1251789223
3245808698
1486251373
4140359911
4243307558
3280927127
2202323051
4230190491
358358369
2439543482
2376551461
3133459386
983358667
347278724
405415358
341288420
225725078
2224389298
3285058204
1697030295
355122131
1389864685
4266058969
328950872
1202226586
2060493787
456839408
2228696850
1476913782
1708136610
1303543088
435018876
2955073174
795175136
4249148005
347500214
3634683175
1000403105
654540108
2130331306
1118386598
2825242365
3251620600
4190381129
3652197025
1493596250
1535884962
1772910644
1674229801
634084656
3985998833
1349125154
1273641558
4150332728
1357238314
4214895629
420407702
1289347682
1116583107
344599915
1562162726
1811045004
2000874239
4169713655
609350070
4138447195
316983912
1614909295
4223423545
840711832
1474328335
326495815
328332532
1535022282
4245169192
1575423635
4320813267
4320351680
3542392858
4039407946
1608897239
1496799131
1690313961
2728088760
735824039
3295374552
454797405
4172800852
3288425215
4226635379
1419351982
4343559118
346071655
511713017
2322033103
4319070974
2262039749
1767065716
4006444685
293374579
4369054573
4283466217
4217603420
1277888128
192836837
3417744978
3952556701
259550332
1723797468
1164109977
331506702
1297012812
4175317442
3526006861
1150161887
3462550448
2297003848
4140713133
2255037128
4443942325
2213088593
1464359178
3520009588
4356438113
3445203859
3205979972
4373105408
4467382973
4266738243
4467236386
1529549689
4514248905
914636121
2954802896
2236167917
4522621640
2321122190
2220682486
1728805835
2886297913
236132274
1636726716
413493404
3193559671
2270170240
3262163347
3673760701
1617544165
1932526588
4518152792
4518896451
271664545
1372754545
1624345099
3908677683
1393560523
4463933113
522443784
1954924082
1459873814
4485994297
4551686734
1941322171
2095875245
4575060565
4571389648
4157536513
4575347474
4581439061
4576929737
550998626
4590171946
4101472633
673080438
336859829
2267393500
4304873813
406522226
1639770813
593525628
1614556935
4636385348
1198848894
4646025180
4252125875
442665524
4638539876
286966219
2902546886
4657887086
2043621592
4343211822
4682089118
4682308329
4114231533
4366589023
4564061407
1547931554
4703429439
2851823816
4675890181
4704787294
2372595936
508122708
4281194109
596944170
4741131518
4749669575
2149547871
497320704
1958818373
982580407
605658769
274394305
1974506586
2044853180
4291133350
3892120066
3227800867
578161164
2314910706
4779236027
4779405656
4485422179
4768909691
4761570956
3901131293
2370869088
234984315
4367273823
635199893
3860516839
4655497527
4666997767
643653905
4825249254
5743779
1318416445
4848776204
1455889890
4862618315
1265073053
3480756779
502948655
4837783702
4884723253
2069545872
2009351632
3154838240
4591478910
3625790096
409869272
4843398981
4875471623
4770193882
3311104553
3018591373
699901851
4668060766
437351443
1412107429
5350570427
5349512863
4521944821
3574709528
5053664019
1209279637
4284868325
3550751538
5352773710
369452211
4830971487
5392395837
5395032269
3147990477
5363030507
214348826
5409711018
247920047
5412172570
5418714156
5337149702
5420139367
5431055089
1446081741
4321026218
5392530992
1365449156
1455929097
5458511227
197794668
5456651278
5471414305
2921864863
3227910187
1601113094
499657758
4860731512
5528579433
5437493533
1225629101
1579169127
2299572684
1827178334
5538125221
5543553406
5016143446
4986199230
5436335386
989658519
5596351067
2261765801
5608380749
5618325976
5618909828
5623512494
2159827573
1611192312
5477024166
373005760
3557274077
2152631312
5427478586
1904981445
1582457132
1463260295
4174548992
623991969
3608890854
1836705203
1943016914
359361624
5720639648
1608139978
767173981
1510276630
3694011507
4950305276
5780015352
4780778023
1446581834
701790365
5681347679
305185490
325001267
916620956
624366541
1657026748
4635782485
1721101655
3274516808
5499223699
2092618311
2990635847
5719238884
1001957269
1346490418
267184913
5515892204
3896382989
5904964192
2157645066
4271876087
5623311680
1249685975
5718964510
3127972991
2069522830
670072125
1430274568
1360679202
2200302791
188963045
4164289578
5832556981
5919526379
5977607390
1010773653
5902412692
40089327
1193515884
3628574570
1667638218
6022848864
5521237562
5731311920
3576552079
8044121431
5851945575
381991867
5705216797
4519720146
55678686
1044858622
1585087210
6958822874
1288746228
7206096208
1879589
8473381172
7922842761
2128070274
7850244655
814865369
1437472585
1242801092
5870925047
290041479
8017317266
5697069794
4163587563
4678702590
1329036541
7602742604
6376759781
1161170468
273138735
5792049409
1346597420
4199810846
5842830740
288870952
784110052
1816224598
3192332531
1460946798
1333146762
1357464951
399437096
672738481
3549352349
3296890123
1644782620
1090685415
1491892337
1482600803
5420971949
365788460
489526188
1235614245
4928129472
1477484299
4503788861
5691114586
2289576484
5673162976
1088417946
2065003567
2090567812
5802006688
3605769600
1506297063
6053530939
4291164246
871519767
222377085
383576089
252684442
1238065562
469903590
3188502725
547440925
4974920954
1719550507
3227284151
4111030900
1339599128
2173106279
2673181722
1632241524
1453609171
1109404863
534120466
508151947
5972648793
3145144639
3158682616
3754646940
1446859061
311933474
5820231952
385972332
4143825444
2405878462
363098118
398151037
4477024850
2875815438
544408379
1695704202
789424266
1808839396
2318959168
207694258
5660555281
3927427915
490389850
1560609562
3145185326
5796242516
1595123562
1688129986
6303940851
434873643
3616240596
6303376890
3309374592
176298283
244533489
3531249836
259889553
2168742628
409779753
5659352434
5535191730
929749962
5763139833
530207454
6238539476
2973415608
2102315353
3252762581
1443155525
1581871034
3421786182
938247106
1657907492
583034376
5338995520
1062807011
867897178
2868561060
2172878397
4123834546
4363060750
500452783
516768924
2281811154
1599800597
3688476583
2441036656
2284969069
1115742811
574531807
1172563999
646599292
390815991
2076767495
1712667597
1806093187
345837797
1427631977
4055089436
748174640
4205280271
1358567198
4130213782
1453383131
438908086
3063745842
631046044
1655583329
5442032395
1133239943
356203341
524097907
3236008053
1682813011
1376804932
2957240632
5789128838
5410152460
1818814907
4833341598
410720487
1365156545
1011032135
2271433781
553163666
2106180587
1587983511
1537155863
845217346
1759433436
482463149
3657367029
5733725913
5973079394
1205445993
2869489843
424235699
448008930
231731366
2094472551
2860930668
2304494140
3579600942
1653826044
1413738878
1276423718
534838847
4165539445
6432277791
4340461760
440935725
2123042291
568488320
5677150921
4229586081
1495731757
3558043846
2078233216
4855618573
1353047696
5701774195
6043077057
1562354861
1506199425
6588491675
6650244884
6572009300
3983916706
6254205292
5622190073
5748377846
6621130418
1704624092
4870802095
2071866304
1497500200
295083907
1568557165
3840793701
6468198970
4024908004
4806105123
277134066
401391696
1995487440
6527042454
2011939422
2306632392
5582590840
1946427954
991441325
1728854818
849762369
6039620829
562711025
4824270042
2316299972
3916035384
3211793386
6115377731
4128827476
299138940
6091661305
1467712391
2138063598
4159500274
550901916
6731743131
1644225782
2077092447
4148152472
330131007
641211013
4175690195
481853678
6726765175
2905389261
1437096203
2839345679
6367225157
445433177
3651632072
1548047826
5340604607
393901759
393803846
4641988924
1390559447
2246019722
348566003
1910936138
6022021909
2758972967
320602565
527556716
1546610889
1619816202
6752116177
1295352328
2210566684
256555800
4764772247
282260509
1479441762
1270793012
5852912644
328328374
294676011
1179078800
5880115809
4401486596
36636012
266753506
1507476740
3016202833
2925097048
1611756212
5380437926
6323439258
409237508
3530310702
1735293692
4122727561
221293380
331187488
5395910160
2930777888
1448469161
4715516731
5913186277
1967358160
301225524
384561738
5342309495
3661588549
4265556871
1387642368
296899695
1402149944
6738233715
1796788357
6283950126
6045511621
42434200
5686653734
247787823
1697010281
393519046
6582269109
248469734
6511333504
6250187674
366626250
1231305605
918141116
5644478340
5624263332
3647750855
791328150
6813440967
324942279
6858770992
5752861076
1658571163
3862569156
491453417
6220477281
1935042032
5350094318
1485717680
504040168
298521637
1376472185
2018447044
6846799025
1633684208
997468989
6916233071
1904809691
3890640610
6917770412
5590798432
180564386
4210377794
6995460962
6354133878
6952613074
7000641083
5860933736
514842749
3099431300
6994486204
867042839
1696165516
2034853046
6986881865
5381499732
6974135531
592141155
6947646420
4271954283
6958999885
5643593523
1641102969
1088449301
3675374646
1294347379
5463192866
5753160841
542653834
2115534091
1279181331
962977176
4484438879
4041843776
403506125
6166385134
7056547127
202169608
7032268561
1388239284
7069485257
6214629302
910178920
6291050080
3309171796
4213215712
947382835
1213619556
5451203203
6960939816
7046412055
4809202793
2102028529
7035913600
2071336407
639814052
327072686
734450653
1276541153
3493293719
7133059397
2907176342
1956488571
1902675313
1115543244
604856937
618434499
1370821662
3178835533
3041462014
637167923
3433263090
371607952
2059301608
256849328
1285843568
1551943528
508480973
450541380
3887943118
1382578101
4157986114
829040459
374627512
1517501354
315477735
3850793674
32747066
1400573277
287115180
1925424062
1690503796
4085300366
1361804392
5904966071
948864504
627721409
1482724755
30172982
2142035313
53884061
3629600576
1596240958
499937507
5846737907
1357353910
1025047416
4411660588
365905400
3005724792
520709660
449682182
1057053708
2581635405
1463458031
388377576
686596715
867971479
946086317
1319592717
1651226260
1447447986
426704210
971626090
3766985048
1003259535
273808626
1467248103
5643664608
258781417
391556765
1396638880
814323982
1967688444
1491120350
231216588
1408595387
401275562
1643860681
1394260369
1464389288
607168159
1428767762
4154145281
642864993
2865527840
493047569
453753586
6106063645
1088711804
388405214
335633145
1492590421
2096101334
1398014288
5525937272
4083853050
594069751
412197589
257693959
2026579908
375042461
4163305504
7123608445
2164931036
184160131
1094504389
276021039
979138085
1750772674
288397481
1532314209
909582465
1666771701
5533598925
3979484775
525056942
2209198010
3669891790
1339135917
235130604
447228007
746032652
5994153746
3409802658
625272214
488573740
5904970101
1652849648
4652181146
4457457861
3661560934
1981700643
1909039137
791020591
379115089
4329469116
5688151091
11268891
465248134
6691611236
1433168135
6205819992
1393822151
5806128824
4012082090
7117818251
6876611991
391429562
3896185088
310636427
1268636784
733402825
1825684410
268789948
5748306643
1509473174
488848485
1644048625
1115096199
504106646
1628127808
4591652230
987001357
3637052975
5762871381
2239581186
3242155944
3522129597
952327257
1422432068
3141728825
2250214916
4033323743
1439522054
1700459039
1565707163
6033210048
1501679807
417433626
1744165411
5723831794
279388698
837539332
1560701722
1742473296
336222471
6087437034
4552820498
1833584054
2421520169
376825474
2899166723
563775684
1096270165
1427520135
1074355820
1006871119
5739781771
4641318414
1945803999
1046732349
2073899509
3156602997
461833356
3550862547
5966901389
350294982
4133304827
3007909247
324963161
327198504
5521621859
786799496
3119373291
4210187229
1626985422
5485339789
1597029376
228084792
1104224739
1006238453
1458529311
292865545
1022058963
5496823980
37411709
2101039335
468700389
4913554858
1575780592
3403481805
3695871975
1678088872
611117255
1599832854
5750437492
2001547606
2317379820
493390728
5385968794
357742287
3987834665
363421438
2094617127
228019802
5721785469
4366063256
6250006362
4523755973
5551487900
3757085267
2199992411
5779095694
4474432018
1428028819
510408969
506737694
695432513
4923673333
2133782232
1311653001
2274116206
7148200095
5398760415
6308579180
1527515470
263548631
3545580729
1450885054
3282030310
253084915
1554370766
5756847588
4970067795
4443306153
275564527
1353343615
4530591248
455065921
4103306108
1924493693
325739443
491846152
1930148709
1955891542
373831838
5338064977
284758318
4622311731
2985716595
412494698
867717716
2237644040
6200820019
4991305146
5719711987
3650109219
1948328912
3648078964
5966488553
3987300658
298041164
3947364902
891679888
1216691237
1485817484
266036967
547375614
1137263730
819661612
7141447623
4776973986
5523679321
307768468
1208155032
1339909746
5962256024
3274234949
196071727
333571106
368461529
4843360488
6102682743
2107801733
5459023136
268997599
938910097
482450596
219968170
4248713625
3540969207
415002178
1750382425
1580868285
6049202700
942056770
5635952553
6277371503
1269627471
305664108
1393389673
3163446667
1698662587
5808147049
6177212777
1499370446
499653612
3317410790
2584126030
6641330270
6153726456
729935134
6485440771
4597894969
1400418663
5724296143
3243271175
1561714850
302849468
1635272916
1149507696
4109674199
26352746
323690688
392379522
54042731
2527358561
16147714
579898642
4763907016
261784207
221753695
1319403539
1096301258
7014464017
6213955795
511852490
311946574
1643454048
39825516
7161570848
2224434996
1454410264
588122883
5665949747
570376494
846757914
2079454104
3583600476
1525480081
606019157
5555168173
5850656705
190733706
1306727698
472685891
280714333
1030902716
610715929
333981395
340561129
6300657462
4268933051
277730458
212673008
194778088
243537842
245968326
249073618
30628071
243052801
227878109
219732049
54458055
205917648
31345001
218003524
222826473
255394228
263770460
269037318
259673419
303597983
307328034
322112166
323490003
323741760
327125096
333900832
339887317
340138522
343813359
299141279
461149044
490430748
490936208
256142317
501901135
337571562
505773589
520479217
266254951
221204615
538522105
539527642
540322045
541109630
548620755
552572705
555160087
558694668
564548331
227003342
575249584
584647141
589553613
593977207
611742689
623951029
628921702
598716525
632750347
634783869
635536045
608563851
641892575
656272779
657956036
679112841
681330066
694571765
701406829
706112478
712775266
742464654
769733128
776680006
773257350
846994315
861645605
357600830
904507804
912152336
928175932
963159677
520535636
289682289
1000852019
1009909815
1012816257
358575322
1018322520
597751379
1015269407
994015160
1034977892
1040656506
1049743063
1058557494
1065979061
391143297
1073723522
1082046704
328879933
1109928017
649845821
1155853941
1162401432
1167670565
1169287720
905737522
1190525868
1194461735
1196394261
1196538081
1200539280
1200445895
416948446
1207599564
1210407737
1210730078
1215847186
1216126769
1217418025
1231845220
1238393850
1247064304
1248085564
1253473933
1254126104
1257021743
281065273
300575114
283440299
23479438
1261375764
584707009
1082005444
1283934920
1288701230
1288968745
434601729
1299549537
1304497812
1314416368
1315389450
1316672760
1318255119
670643195
1330425138
1308770279
1357454600
293478066
1361519863
1363417353
1364683698
1365552045
1378441453
1374076451
1382762403
1385640881
1386820905
1388373747
1392657780
1392909430
1393905902
1394919671
1397292930
1408487576
804261980
342902716
1417167095
1277739740
385051134
1407628137
1421583457
380570320
1427328532
1431085212
1431684971
1431796199
1432268021
1435930271
1438207744
1442775750
1443765669
1443843804
1434341375
1427415715
1431405158
1446587073
1452452792
1454263656
1454709725
1455360349
268596749
1460745683
277424263
1463477845
1467083557
1472466415
1431997393
1475340721
1439672391
315461090
1481137607
1481230208
1440474713
1305447528
1483814210
1485746370
1272807202
1486904000
1489870196
1491362609
1467303879
486623342
1337789058
1234348847
1483985184
196953447
329263713
446383070
1501428497
52626396
1506641765
1476003369
1510246699
1286326618
289555112
1519059116
1519228921
1521040847
1525695930
464570166
1535110437
1536062202
1536251325
1536365010
611077193
1540261398
1540868291
1542010411
343360936
1545794835
1546215491
1537164662
1551266763
1553288625
1554100840
1564883144
1566293928
1572198059
1575898480
1561650069
1580024332
1581977349
1558330833
1583610668
1580783022
1583842967
1561400600
1585320704
338898777
1588265088
1590525290
1591065533
1595635917
277727275
1599043208
1601453238
1604168744
1604788176
1470567741
1501280447
1608734667
978879283
967034769
1619067458
1619341621
1555667103
1309094610
1628483073
503396354
1627626475
1605715754
1632405800
1601419587
370269259
1574028760
1573022626
1645260223
1404377670
1612855612
1653054605
1653448814
1654502823
1385065284
1684715956
1377379339
1689660393
196067579
594457681
1696896991
1697298787
1695311895
1699711419
1699888937
1654689503
1718381866
1710300267
1198527269
1549532300
1434360075
320126224
1442960330
1952596044
1782514345
183051511
1929915151
1906266959
1933415266
52815233
1827580872
227914238
1903948910
501938753
2142534006
1741208644
810853509
2063899427
1980501318
380458278
199270611
348547396
300671301
2133916395
2158372596
2072343580
1118851740
2162089228
1468483374
607899368
2171768202
243690434
1448272853
286765442
226544980
908372748
2189114828
1957888745
1575333264
2114846767
1926576367
1163886981
2199733696
2209042608
2022680763
2214176725
423615281
2217653414
23931136
2219688456
2220254353
951113534
2211097248
2229651535
2182538079
2235807500
1692726447
1519619531
2241767422
1956103407
1970941127
1560943285
2246257716
2254451911
1910136373
1767488125
2262105629
2235189302
1581462661
494352968
2279987757
2285015080
1571353474
2034492663
254039203
2256109711
1689123802
2302700053
2306374863
2307024408
1916106429
2307529541
2310192259
351652242
2305708691
1952919781
1983301156
1374725269
2337317508
2337744526
2324451225
2042657658
463817485
2393438055
1556790439
603675816
647635299
2467275675
2536718399
2537565415
2604787904
2609364211
2673592073
1586806062
8675503
1354293662
651845822
349216932
528662721
2344144270
280962732
2315740335
2344208392
315253005
515382750
1351312077
2798878972
39789912
847020767
318906695
1185465086
2075108012
205095711
1291362498
256279051
2122341399
1812718210
458108767
1967243713
225272552
978748186
2875747827
2041308182
2877741231
2467736737
2893482706
2903435891
2917756598
2923012381
2103730242
2950256977
2696161323
2115703695
2026343041
2108350781
2080430911
2046814629
2035053398
1972877218
1963293103
2104171989
2132082650
2101010305
2065714060
2060066236
2070528200
2031752406
1998968554
2076088345
1923760946
1942424955
1938945214
2000562195
2048218295
1948042362
2037010748
2120467020
1946731037
2010603292
1992667597
1943723695
2087403951
2054580389
2101124215
2127292565
1924109099
2134845128
2017078494
2064942659
2063639165
1762691456
1423430738
1911496003
688015254
1573529033
1761891207
1736739275
1905315721
1647850406
1833903346
1109871576
207345477
1247989631
640438650
1828410212
355645248
416381258
1834751187
2014864714
2020488823
1693369054
727601856
1658155038
1776747639
1752487745
716710932
666340085
1774626112
1794784818
38687767
483354416
611221540
1635535558
465998604
559243019
1720967468
326341498
1748869435
1786048549
2954768017
1823818710
1927067850
2966910116
2234349773
2980679531
2791612380
1536162326
2982292996
1590491390
505994203
2990615975
3019360247
2978112537
174739579
44328361
1786438044
3025842152
2028951243
3042407790
1548314635
2206205244
1546280518
226188295
256883903
265942805
1546089003
2711760411
1285647645
187919155
3056753150
42854927
611869767
2556757922
2081129090
1589393281
3011787169
2865126769
270336391
28276188
1798512665
617290526
563613280
249280657
2998239627
3061911865
3061470330
694588629
1424537197
269008355
52584274
1294154975
226467296
3054867108
2038372888
36108438
432916325
2078107794
4555696447
1464771328
654585578
1364350212
5710820337
224341281
1924880144
1390914628
632778258
516766333
999038529
733568370
2012563065
8042767216
1693654393
232123574
2871206709
1825175682
245279668
1825317851
1426485413
5798404161
6608378247
514677985
276538153
345924665
3121919647
2269067746
408532913
1743920587
3058685750
644503797
500142942
2728965755
3087486852
2333866482
2256344345
313669693
412358788
2959647231
419890714
3106534516
1252248637
3041994305
3109461139
2223071344
3110633231
227535476
3112541171
1486037241
1677740067
2961414790
3103877169
2304971917
291290889
1486541958
3090187400
1149700611
2229732862
3129754615
3019794849
3133257797
3124607007
3063859426
3136014083
3110154851
3145355144
3046627283
3148030338
1513623321
3148941689
241670626
306270434
3162258510
1583593982
342445499
506940068
3175067168
1500289636
3179305440
1451091888
2868041521
3187920549
373204780
3197026686
2057230181
3208145607
1417208313
3220065227
3226891744
2155181831
3227570654
3224654042
3246227803
970579786
1536038812
1905775366
3179219617
3077795102
1229413500
3259185524
3264610817
3115953881
3268776931
2460950489
1208254809
379937713
3254071448
212785174
1092374262
3287506088
9210340
3302728376
3292006321
3309540639
1516202214
2315734087
3406109245
334012908
1546711610
1490678612
3418671175
44311467
2265873279
2608052803
1199644319
2055292569
1042070474
320644666
3218666058
1551559070
700088158
3448085377
526629250
847791609
654739305
3281214945
3460036376
663579404
386991362
3301335146
561238806
1829441154
3321166695
1280254092
2148481314
1997666639
3488602296
3506530084
2169608354
3514375454
2217029033
3518565505
3502146864
2044114097
223125178
3534862337
3538568482
463185126
3541738887
3477078576
1747794861
1785243663
255426015
3557113938
3535578321
3157158784
1974074323
3089237043
1646075765
3580169673
3588697985
401629885
1242512292
3288269471
3288317094
3608150933
3609112718
3615666388
3571817105
3619237559
3516562171
2272966742
395484171
1807048131
3623533577
3630330155
3002855858
3632033484
2976367924
3632549225
1755224029
1954461933
3205025325
3616271453
3649474960
3616408906
2309960051
419215672
1805885149
3672291206
1727100133
3685692454
2310076308
3676269895
3656721530
1636886366
3695856867
1094239889
3716327267
2126114502
3228631657
3723744836
3452606896
2915810427
3775545097
3791511091
2889508947
638504065
791373906
3813706671
3852734434
290746509
1461038039
1299053419
1502797017
576724444
1827289092
1120859297
1163881124
1130493095
327671255
3919977291
1557791791
823379774
3930185345
1487535549
3931286909
3162989737
3935028093
1908812606
547420382
1566208882
3948560615
1490891797
3960308843
3962689221
1940146698
3956652319
440731593
3966896014
2133098303
3963752598
3979891563
593548757
3991707396
3770299868
3997467071
2101887424
3868353691
3693841915
1826929169
4017321367
4020228279
4021333042
1723888767
4028277980
265124021
4028725217
4032536010
4033329423
28501206
173569552
1918467346
2871918463
2213673271
4062726120
4056469422
4065633952
4063215742
4067071586
1528233700
3971648851
4089460144
699144657
4089035019
4094097914
1481273151
4106537283
239503906
4115215285
3928695425
4105082913
4118961355
2880410952
2314690394
280939748
3755617517
1816842400
3589093396
4007105639
626065788
4045181267
4169902488
3896547170
4175591559
4177402499
4179561769
652258840
4189429259
2041010122
198272884
258829972
815345222
1124682665
3984246470
711935068
2145142331
4237928114
2899189532
3219289646
4089518254
1436596538
4088573728
519146153
2094284661
4118959871
4441884244
4247372109
4228946056
4367120237
2055264642
3250913389
3156618130
4394542087
4606277919
2065784495
2463411242
505740378
414228460
1282915257
4652041722
1140369589
970103623
4681421875
2079435115
4673177690
4770986986
4859455840
273947616
4944200386
336968989
448935349
4312193217
4839225705
3906038395
391173452
4986578628
1318701234
2313160559
3881978180
4838009276
5371866980
5331603718
4241390535
5390611725
3067556597
29743180
5476106244
3428323287
5506970150
1212076
4182213182
4515663006
5555481648
5546541510
5590916743
5620093605
4769041967
225243193
618221268
1267537597
4805148959
4785742549
5662627883
2065298732
1978323759
16952252
5015945132
2006529546
4641403360
1423589526
4331538299
1479928962
54638207
5660162500
5752482537
535215298
1093204235
4043407405
1944499135
4317084067
1401887068
5511480426
425081473
633847414
1606199641
327094106
50372140
266136999
5923479799
5925414274
1682554414
5933931623
5945399960
1509416352
359944326
5972544478
1174417195
2673599204
4148620342
1713193728
5969554997
5507427081
6112972927
6046678383
3022394316
1566912246
6189618126
6221456372
3194960274
6219118452
1229681384
6253182267
6107761421
4736385953
1445999693
498345075
6214242900
6017232469
6188174851
6016996306
271105074
2460555552
2178093100
6488965707
4629653364
1400829180
5779704126
6663084748
1097072812
1616755283
4103087878
6716846827
318236596
370003941
1050527571
6807357339
238756240
3670364842
396974329
633070304
6089647177
682565564
3478964768
5520550013
5539765317
1470273370
5601631967
4721464529
5676426478
4026287869
1975682208
3292258123
6991043805
6879661699
1122276777
1667187547
6269651167
6353442128
6986796291
5631990382
4532510487
1990857122
6133995419
6909095452
283029885
3178973011
241657835
3592289220
337927193
219278110
1702036706
1918586520
1436995241
344610591
7248311938
294862564
19494789
287027634
312975977
282445579
189415935
279219798
264326905
1357971298
6369029766
5017879536
1289720573
229184832
422730725
310474687
313612686
562354258
285440908
4235578632
4776922845
187984481
7130457409
1970496610
276176394
351896140
6320814177
1682709091
275243011
965212359
200177234
7540535031
302657080
472435204
496121873
1623004578
3128803403
3471908100
1230033468
7491333616
3231119386
823036906
1644283250
1497713743
5903533435
516611046
1966504123
6020220446
5381435985
3597588941
337386704
370705964
549715366
2159944781
1679151181
281627669
55799681
5903367317
1186722727
291392794
758763419
1646967457
298151389
588794095
6991065622
5985967359
4299416508
6854791627
7531746534
2175797676
420413938
1361101647
144297003
424476706
465774325
1942365848
1200454356
1265620639
5755214290
281389504
5962153726
288284013
4483169578
792469957
511043300
870713564
1370958117
7561943234
1630753583
2089229788
322058503
290294056
5786426128
1483467518
6052156614
1671710152
2961812179
2973816014
487964990
497215604
263501873
1488621019
2869590374
1746345633
1179715189
823372121
260401847
258768399
562053822
471041707
3584983161
413159843
208033953
42149065
373896126
329252756
1468066231
1188228156
2134375463
6145857748
264229947
7602910206
563875256
1234244356
320740090
237471328
5766384664
4140133950
3212025980
3597648730
5736481237
3659263845
578645258
1162852235
416133931
962593447
372838886
3034571687
4190174857
333706064
1809444972
5485745168
1332850258
33510426
5451311442
1547102935
236665057
1354678080
1286418482
2978007724
192905550
501714120
386971667
448129009
1477978530
3963062364
6608849424
1176606617
3511580921
3544300725
1266652804
2315428560
7328667497
411138998
7148863729
3941642924
401448830
5311290140
2217007226
1013585156
1664926100
582893721
20333517
1395067169
395840915
2132449980
2006871243
185537797
680366349
381294796
468144079
5804998181
7497570964
3913162473
6824012020
296988522
1627923944
963973278
389030593
1657551180
1343558710
1508207446
1819271897
3870396175
189773867
6752156898
3976401026
1746474140
2264776602
1050549869
7295050303
497606508
1269138937
2031075664
6779549452
1805386994
653944117
1918276419
1579800158
7754435938
1315570585
1285709032
1946420263
206713757
7193807211
181583007
219487628
6831151814
376934637
2369567823
233950121
5934190852
518407502
30289066
1223365110
1181240726
193339304
499979358
852705545
331457292
4144670727
1509474024
6864635219
1567640629
3703714807
1385483077
2935163807
1090361058
4758848006
1517435375
954623019
549402643
1449041795
7029348860
3942383265
1000714683
278712389
1203586165
2039857610
2246849756
703223527
6830967819
1257260082
2279710937
1034210791
589868753
1800029969
4921626557
2315471883
3246165270
36734654
666040129
6655901663
6825562511
4626444378
1378862216
1013082972
542329677
1382428500
6774008666
258496092
419919593
1546936945
5831183747
609493206
6943331182
2187024883
1034075039
1262094794
329675371
7013906756
519126738
4156776707
2096606386
267133001
517311550
1705206854
633676884
1521086425
7179613344
911227083
6684433393
7100661356
1634381264
3927758026
1443093199
2024132311
301867124
2119755056
7177685285
2273066490
7146953569
5318871101
1966495759
6255502026
2240092566
6026826741
796240567
1026157081
7100500660
1485937612
6900119411
1392288921
1439373729
6175057127
4456219099
256646909
251014410
7059874945
6343138643
3313228062
612015016
2051277006
3194065638
4369824693
420467629
6278599584
5873593825
5354429577
1769806428
2964670162
1551645651
4377410884
316162875
809833695
5848498570
1813057249
1045332377
6458874423
7154412309
489290638
430042779
533132846
1692443870
5340868584
5422543929
5783311277
1215629105
2269774187
7184863130
482061484
2118279629
7089408834
7219747463
1339697176
1627944991
3430226297
510260791
8933668097
8586091506
456405655
1604537686
4978068118
524322928
3113889
1422797414
4327045525
2000125645
6020189597
366677959
1368314234
1399619044
273898033
2062285673
673193458
288798225
7198162708
6046694968
227396885
927045174
1656440231
2136543987
4293735489
7202840481
1619844466
7418712445
4368689289
7034163823
886097365
1239413595
1379903500
275187218
2843342809
1341033463
629118684
327635852
1475484467
1185310271
1739805478
3258527977
5488678116
580362466
1463205353
1059642320
1204252319
231373200
1476885564
1775825420
268506507
225087159
530573187
947562304
2021816790
1349234803
410536799
5528387847
1594404638
6894390289
5691865245
2242677877
1576695939
1660505940
2287711137
4433998596
1567453791
355603448
5920026083
1755323473
961182933
347205686
403324019
3786126236
7565830984
6647690322
248129246
361766389
3406119279
345884158
406596378
7270280043
968325940
249150011
6551202436
4281704076
3265853950
205511997
1377902130
4764041235
3479344227
657900442
7274148558
2542722207
7210569216
303489382
277104483
3736474450
204731959
6010174592
224768814
4002868667
26811541
546139559
486346276
1606528997
573098494
240841797
1393518796
1477819361
369810291
1289106808
331863103
265514216
191538441
207389218
504409951
339297158
176390962
1627706134
265952289
1288710026
1550579852
1546663464
15904948
218860505
305830409
1655530637
1596944795
1001241542
253323923
891680470
1429198557
1417139838
1621657551
1743314014
1744235597
1777820235
318936661
1788901136
1809152777
1806995834
1825460656
1830390862
1835734656
1835744015
189020570
1929609351
1997622969
2105266880
1492793026
1704516848
240822501
1905698774
2046511152
1937288910
1998934657
1989736997
1984537234
1475380356
39712036
11558547
1506825218
2110584759
2085391148
262387119
2033822302
1901450708
2137453151
223918417
1540385377
1924695497
2047104176
1994312371
1474458737
1926318989
1992857352
1472095930
2142602911
2149836643
2157611716
1326715684
1721354286
2103807402
606861369
518141185
498401877
519497077
222382178
1677722615
1444801565
477581922
2095949782
2204866968
1179153242
2096335395
1715555151
2222310974
271917791
1485586825
1747626790
2232326299
1831552374
2244386014
688300275
2078275997
2274382634
2267575871
1311300479
296327155
2294587187
2309706577
538475392
2157607895
2319133816
561126662
2356937959
2372191801
1570512199
2754059345
2758530638
2270338902
2692115551
2867247847
1662751765
2879857590
2882471522
2911826897
2740573654
2948729870
2948829712
2976403743
2982797842
2598091492
1455739384
3138243100
3153451898
2882800831
2970226464
3216100513
2046160971
1131545355
3200172171
3266433356
245745419
420371719
3411156085
3422847013
181953950
3462769121
3204358144
25996230
3505829660
3523735276
1970217961
3534515772
1301589800
329015077
3528058462
3253106096
2107157336
3647085120
2305878028
3643658622
348618917
3250397790
3696075012
3704510693
611687465
3642218274
3871556450
1523871411
11441759
3966161850
3968804992
1718924606
3985267970
4005082821
4021309319
4028897252
243893231
1286753243
4064694675
386462706
4083052920
3668054728
4138294179
1424640395
182829348
4158578948
1558473682
1520175496
1819393470
663110133
4232912043
1990859564
4253830517
936445877
3008738256
4254165634
4257437473
4265200721
4272762733
4290147009
4290054588
381291765
4309450619
3597186610
3909590026
4376388000
3259238634
2954687923
3563639748
2667986854
3414270166
3567013606
4285582283
2337676593
4556695864
4013361145
1953257423
4512235061
4155991335
3005681600
823139581
4359704686
3045306472
1197059913
4536070704
1473095917
355568697
4161067898
4520059092
4548518484
1478392045
4342114027
471810080
4488472593
2958493798
2005894416
2385882882
2007383449
1811993325
4550436237
1785044192
1243474682
4542539553
4268706894
410596680
4555100277
1098271501
2026952431
3535092574
4546229990
1977674693
4401034600
3557416584
1130552043
2205466380
289836578
1698366551
1795979001
784347595
3572495870
4141744762
4528580247
1765075092
3165720214
4335412842
4248172440
242500203
2481727810
4546177345
4358169469
4460605211
366477173
2315639448
4067326953
3936225519
4166905910
4453376294
2911867568
4363114395
4303471605
1604366976
4516504157
4484574469
4441896499
1411173688
4556607645
184748551
4546308853
1645223276
4231196842
4163249026
4140652372
4544454817
3474443534
4216471946
1030086161
3117876342
4402880344
1224016536
4310441414
3675410120
4565273993
3581493550
4500666178
4072758478
3268266397
1554404704
1544742189
3237114821
4244599817
3904345350
354871541
2955413903
2047732801
3272023055
1779854806
4531044660
3498475887
4471632887
360986933
453023652
3519956747
1410908124
3303877799
4516080854
283921138
4546829621
3952092041
4027586051
3077229983
2954576470
4239437080
4182374094
3983723157
3823280566
1907950758
4514516266
446597869
1385727012
1664175572
294565245
3214372393
736397522
2109486825
4037069179
4465039306
1381475654
4248255090
3823494132
311546251
3010974266
4414754182
1970685282
2363294826
4282686897
2206089765
4400470182
4329028628
1799853337
4020719572
4369551406
1128604129
2911564797
2347601149
4418493548
4093308448
4481664065
268692609
1551130431
1825429246
1628716244
4302688228
2233508583
4193334376
4177740023
535136301
4578489080
1829580857
4353448817
2034304166
4360069941
3002642520
144704336
743442364
4201540871
2292960604
3871326464
1545043496
3698038451
4001740852
1536721624
4004586712
3053757760
1620343961
4295880027
3231165590
4163552445
1537821424
1660376766
2094624981
1106796283
4297132567
2073164264
4166148758
418664177
4512232497
4581651626
4234894184
2103047229
3123342830
1552026544
1817433075
4262448678
2206265533
4472727990
4546417316
1674966889
894737126
2188854878
3409212760
4025984907
4474197772
3870470863
4302471197
1783689653
4337403170
1417760451
1706162682
1666376220
4523601846
1472027438
3288335495
2934323993
4054411205
3714433216
562095149
4471570470
4345111208
1521392912
4434788108
3565166599
3672754048
2438825412
4014960874
4565210646
3979538437
4585193403
4049198989
428305697
3565196180
3133172889
2130313402
4519153973
1921019974
1301701216
1831778698
2669607671
4512626477
2522803028
4292881372
2142281111
2139742835
2321653152
1602562303
3235508454
545077581
3924035732
1414313402
4543124230
2555794258
4028023115
1756526281
4525698254
3244850718
2875422525
1210907545
771854691
4273672683
2240890914
2277105173
2987248779
4589924392
1615325286
4592289470
4292355262
218582968
2846077743
4355374275
4570730690
4100686434
4440779944
4547545887
1514058234
3209680207
3055079923
1174274551
552277625
4214661799
4592244079
4008607313
3282032626
4564811162
4587887856
2244989951
786965161
4568476729
4594075300
986844848
4529875551
4587252248
2686795648
1562437848
1710121155
3052996080
4210767033
4526024627
1479066310
1968283522
4216734892
4352719078
2087213910
4609140601
1355564215
3822770737
4183064438
1319905858
1905259659
1282146777
3537152520
4518258528
1413954210
1498555039
3565614918
1470653488
3411451615
4480910977
4592592286
2779726737
3435715767
196219001
4393030509
4343456534
4576870891
4257568284
2854639648
1436360626
3304400750
321048611
275723658
3639590719
4608613419
4546999350
3896792645
4472524271
4580935497
1378885949
4529789620
4591680180
1970865756
3926829786
4545053178
1688208216
1641195469
1283620645
2521562834
1410797906
627529708
2007019268
4051548962
962981176
2258275375
4512325887
4174075203
229899652
2363214743
3888853303
4141088209
4040777628
2122697386
4088708273
2042703528
4152661290
2098919698
3453357954
4283968334
406709743
4623296019
3908364925
4602020422
1633669385
1742162580
1763167412
670645222
4202406814
1402346326
3780115726
1569249884
3097367736
33564019
3509671033
4578152279
1909646823
1615869026
2931362425
1267047307
2208871734
3830044716
4517488312
4128973807
4429764394
3513879005
4132611617
1770522522
1640075192
2154313286
1948862717
3114206999
4248854161
4253528677
1687768819
1197890258
2351707328
365463375
4542448019
1128441865
4037690410
1460388879
2153634405
4082898371
4634382033
4474356700
2048760654
2117084440
3517478963
4411300200
2068203345
4161667017
3850861120
2212787274
4015102348
2087078672
1597571926
4469911325
4473366363
4475708921
3016627454
4153177302
2128127402
2272313428
1411900826
4304839214
4063904588
2922680491
4568270262
4254404872
2127157313
353278121
3295491330
2898025532
3114247574
1265031242
3542803094
4323757503
4365908859
399576222
2087400048
4285219049
905366161
1219871036
4582958657
2064890530
2220249615
1986570927
819614564
3582408284
1542268204
1833824390
4338633167
3559655161
1534911802
2330745064
3542416113
3597259208
1453126272
4514325069
819622434
4070045234
2244331673
4625843539
2270453239
4059849472
4120737129
3067725616
4528419620
18657444
4198125465
4052236827
1949639487
554198484
1176217380
2744433992
372841829
3575326136
3875712858
3749364802
521498250
3607690928
442012373
4568785060
1711457760
1825854733
4202332779
387814845
1573689462
1996124563
1837383451
3753065612
4152826619
2354938595
3974616848
3749453736
1706589528
2922412242
3312227573
1798292068
4299058206
1131659552
3559029423
4205286610
2078999646
4172262776
4249044306
4452983510
3735312857
3121248022
3056497932
3572106583
4488820432
4348299817
4414020905
4530973373
1331254635
590699045
4165317407
4659259023
464445876
4584223803
1533374514
1318211081
1680054224
2074275370
1923351886
1533547479
4176145373
2175512270
4316086415
4392060712
4229402175
1642115301
2030999147
3280059090
2869697029
4086686225
3948810402
4353921027
4562547113
1339994389
4304680301
3962097221
1535725279
2313230221
4031774314
1295376580
780351602
248913137
810648378
2292449522
277791799
3612681132
998471593
4627512356
45323188
1466680678
1410672834
4041194026
2199637455
1020390939
1359798411
1546061213
610995819
646974823
3030417337
261537950
3457422821
260973391
3060541858
3253161621
4486604263
256893546
2092352348
205879093
2334654022
279227047
1467919250
4032274094
4341661079
2058020958
1624183622
4669187713
4048924678
4321043853
3874923042
4037604021
2269529681
3735561959
4084451646
1753326988
4249433628
4061546002
638418284
471406644
3000681154
720545416
3127162705
3984774233
1971292874
733018597
1496819312
3838639251
3666485250
804731154
3808480769
2800902742
3216324124
179221490
1369707613
4120678843
4559121170
756324544
1382652541
4044143989
1655635990
4366794929
1534466159
453569117
2679863209
3044820196
2095897045
3246046692
4675258376
620618879
2232850817
603147008
3988688806
4639927598
1433944194
3920809414
1589330023
3569504229
3942527880
2320221691
2239074626
835392653
4125890763
2048368636
3256644732
4515369630
1913516324
3649529330
550422034
1441358019
2261041729
4165720052
865206043
1537316878
4018852290
1596201137
754663333
247905434
1726848097
1081322074
1452384003
1320743265
395281373
3407262501
2126430793
4150168195
3750386090
3824040753
4566077376
4150147663
651290872
4219988174
2225759416
3493215679
3127365505
3087750368
2009114956
4268898795
4668236434
498399448
982017031
4160222880
2095091200
4293258250
1275150850
4491606640
2007424613
4059085215
1272213833
3134719352
3266037670
4467022212
3195367821
4068513959
4684591748
4635318700
4281935451
2555061675
2179402896
1819448815
1275421056
2310142495
3885548495
2023924253
4268837281
4063373166
4216286310
4533322462
4323629741
3641907179
4685167969
1588334440
1518827890
3433153452
3923524817
643665755
3519110101
4472916609
2421768688
2205362469
4614503047
2680497982
1517530438
4580159176
3810435812
3742062637
1432945721
1544339163
4250738245
1574159082
469775499
2217657769
4328122461
1956178756
4525264676
1601147682
4135752183
4113274633
4145997753
1662841470
4168607361
2199479261
4204262663
3114537077
1467364434
2709167301
3025531577
518223308
4492235320
419532757
4462117877
1623371661
3682942245
1378000123
3971433207
268948802
1466977465
3980234210
4584547634
2292660720
929937436
1800076790
3002572758
4287010742
264545506
1820625802
1423134162
4188468603
491965129
4549333558
2015430145
3144223590
2536846097
1109460693
4054599583
4128602490
1428056078
4352905977
3090594462
1752783961
4170826120
3012134616
1809782756
3551281793
3486427860
4330374292
4461141772
2304466182
1424426650
1539939507
4020229012
3035390911
2022654609
4204487528
320563585
4452881005
3801626205
2142876287
1276137790
4332838823
3100993117
2109606956
356361613
963840910
2124316101
992663355
3972530109
304465838
2912842521
4476446965
4520787780
2916743830
1909265944
4089066463
417427519
4357357712
209980556
1556247879
1931681472
3447148364
2537981504
1167438614
3253910716
1564541516
4488330002
2666298834
340768633
4303363438
1006581896
1644888280
2077301547
4416687838
2062324498
1919050736
1998023992
3913344373
1969666017
2974471315
1648334029
4515754841
1991847436
758730645
1492027083
3440148733
3568075061
4351406718
3425990707
2261457872
1619905884
1793748799
4185410685
3296875991
2080322857
503323784
3540565078
4230762204
3969546027
3621669024
1647661165
3286977388
3039334416
343625386
1735587888
1077508675
4545337263
2101213115
4068304851
4540274250
1417820234
4141287272
3036754241
3031325754
3264351377
378708025
1994490885
1080811773
1493654693
2158207522
2255233091
569815922
3402184036
1819387287
3142208150
4265424287
2995423932
3946452102
1425385902
3109670269
51278818
4697659808
2207686968
1055122301
3601740595
4116999208
4014430948
1285815976
1631784356
3078402848
409616751
1141194601
560550758
4139233992
4197302055
3950122537
2460605076
4484351163
471615910
3042353930
1523161840
3053003753
2438977574
2952235747
427690198
2360094252
4698128541
2165080900
4437014940
2101507265
4614617714
2912368794
1539703969
695944389
1697870760
4494857159
3200796748
3966928051
3562499287
2080425284
955735017
4481787130
4140103292
219500574
4095212569
3496425779
975526196
4270772152
4317853739
4544120213
2048533947
314987117
4535273183
1738429841
2075252781
1977384971
1649711078
4049602754
1565780444
1092975216
3711898959
3410852213
3527637906
2885242268
1207599948
1477123379
4036600713
3595608750
1565139094
3002005937
4180137105
1433830928
2255275066
2282052290
145956966
2949795413
395473208
4727666235
4668841026
1968838774
3951439275
3705667739
3958901462
2270980107
433111491
2061833141
2559835808
1969318141
1443593881
1744069182
270334139
1454216706
1830186375
1410189317
2235046220
4264139796
3315813797
1442909721
1649897797
1593139022
1811163921
492034390
3165447055
820069815
3883767929
4302570142
3526942301
653399260
3502245316
1736462607
3149750782
1573371836
1522640246
2090071267
291371953
3453705512
1999525024
4140355886
3225277063
1729488543
3537686850
3566313106
643738579
3125399474
3132878934
3239647283
3055058311
2923152471
4530892744
1457259031
2218322279
2410959127
3576315907
1437549445
3458234523
3935617742
4012892168
4214766683
614415532
4260873819
3694803804
215245007
3055593460
2312347349
1629354966
2009611243
2212896008
1447755974
3587031813
3128208197
4152253093
2277701752
1311091682
549310428
4214392756
1689782338
4113339436
2304070318
609398173
2010573345
4219857949
1996948586
4062722024
4051668173
2067432122
989743299
3185041454
646852599
3413768453
3652371667
1579973778
2551464759
529968598
1586710213
1152872455
2327097330
1517183154
52233897
4755381278
2419812122
2275260284
1366723805
841169386
2317806825
2155013843
3429728669
1712892087
1464920762
3935844454
200319216
1560876038
4123298621
3961631247
1518274872
1504546220
964299507
3050313166
3033711590
1235778651
1989924233
3595694799
3271861807
512216128
2087834957
1664804624
3544644309
2082157803
576794883
4356421074
1576651682
587760927
209067862
382295061
1952151695
1674248442
479646518
262619482
3409588331
260332947
3444303233
652094944
1825407919
2202572838
2578467674
4005651725
1549463744
3964513836
269226157
4491470557
3545597071
4365307577
3149512892
4190469432
2027506609
523566591
1257336743
3277684745
4301190492
4565642348
2307036056
2228661925
3679885150
3683735743
2222283051
4611361991
1575371753
4515339996
1615032593
1479303651
4040632093
1703544155
3439746869
4546752255
2034665857
3727187192
4184471253
4426357670
2931934794
1798385749
4209470129
4302036272
2029941333
3615800760
3537915742
2029057767
3038914865
3962513976
334827829
1536673986
282461067
3028900766
3485193460
3663857682
1573597219
4106583553
3129532375
1954882891
1927829096
54745627
2794316981
1940693012
4171621752
1244165304
3628204927
667664279
4777663953
4789245040
43166890
4644846341
2263020880
2012726084
4652567695
3935427768
609070546
4220459762
2024617034
4838423820
3182438141
2994437901
1713737117
217773258
4859527824
4328694898
2353704295
4134493235
4678734880
4270644690
1389485369
2026686965
270412502
4854449264
1767238758
2110653295
1436188871
4570727494
4064222594
4634411316
1389917712
4578828490
1696692874
4913624288
1934263711
1717456803
4848365686
4861603828
4339253311
3601964475
2957031564
3234316956
2353538111
2372393921
3952945155
4939403161
4955894569
1808252176
4974605077
2210092419
4551992439
415922887
2142977772
5006213609
419369938
4935094777
4042296527
4882635446
5324734921
3212170155
2333963562
3455387109
1392647662
5312488263
2070060502
4756885184
5005155505
544571607
3193573697
1695278562
5357829007
1506836520
4297823889
5362337209
5378933489
851117536
4889229407
4640751721
4202529828
1822832137
4514499719
4859474791
4935095623
4694099095
411527563
4073360671
3493078596
1458403075
4960100041
1410022194
4513934977
1906220022
2995848892
3153546688
2107022157
3670033983
4173288887
645113036
4889677687
1511823936
5391503434
2280910355
225384181
21357234
3094500916
3061630447
2227252583
4102547520
1452329464
4052657048
3546247950
580070076
2209148033
34021575
2865291517
262417764
583646509
3425242077
5352582896
4103847652
4490410182
548409012
3239220830
4434802563
1951308486
4283585181
4518660166
3896472065
5347245000
722409061
1783619799
5374600136
4353833340
753796771
4076173617
1543313144
1438655606
5373808331
3921668983
4866017842
5377067029
4368769364
4397503874
3957400529
798711421
4279838451
1736707553
2180608787
1292606509
4697498895
1439847088
1693101236
3465442870
5491478488
4210675156
5458444131
1098310674
5484877246
4483888036
3436094099
3490084528
5491595393
3206946898
4082867797
4025674964
5466703549
4482330664
1472554827
1407513236
5422652481
5505949379
1508118152
417337148
4086069305
5517846949
3748155947
5368931847
5500043941
4097059876
5397767835
4093015914
3608206885
422493760
4520010607
5533916885
5539127966
3288688391
4171051029
5527817476
5566328891
5581084653
5071918710
5554268351
2367824380
5471269574
5593173146
1258701136
257970895
4701947301
4042275026
2533078477
3708639317
4066814710
4698182697
3127198279
5570803953
4255259386
1477837095
4006774822
866074870
5665542334
4159513586
5660336056
2226160879
3266219882
239252138
4715414083
5727279647
4472338123
4321809569
4696589878
5708818460
2189428369
5784521607
2051526841
5740448661
1387210031
5840560850
3275277328
5881258220
1353583447
1467742573
3165619848
2021822052
3941691653
5852039826
371163519
1665130281
5519332197
5896869370
5654711736
4905060400
274613342
5837623434
5719384641
458680459
3615506524
677022548
5836265698
3012411120
3429856797
289898484
328376315
1394989802
4702548692
1147448294
623493100
5475970079
2267251033
5896191885
5801638584
4832225735
4280454339
1223661641
403253164
1025405435
3036364908
5632250050
588476637
5909648088
5805711382
1951068997
2084617237
1745480398
4842009451
467874792
3223547671
5542887756
5505362979
1440018723
3726079152
5884960529
3006544822
3323874196
5754143739
222724459
2101815737
356332794
4223171955
1516981941
4269087379
4521433970
4565198742
4145743090
534805718
4300268427
3253777168
4224828392
1510311909
1324100159
5573659099
4026455389
302248120
7570865907
1728647575
6985922841
1047305942
4361051603
654351223
3701316609
1782310722
4364701176
1812502180
5498977945
1337482095
7071135236
2212653115
429679184
7226912104
7177215686
1684242340
6331775979
1723957450
1541014141
2460130532
5018388814
33734918
1599903529
1568217888
6651350460
471351137
5552517153
1378335319
4118666943
1245398921
1456864879
922526675
5875451139
559355297
2463349121
4577789280
2737768625
1078367531
5594734415
1094742638
1364496762
3678301250
6989157318
1736385486
242581797
1701372317
680626657
3049365744
6617956438
1832106612
1081674301
7125401268
5449641084
4978548533
2764477143
263603211
6435965521
2243036979
3045132112
2907924130
368933160
2291040147
1961857764
5460718261
2117885858
1655468844
2847690549
584962543
4866358746
5517028471
6760208990
2317705697
310732002
4008299744
425971175
500556934
6466315763
6201847531
222185303
1150978938
5927163702
5477882646
384870424
6869214363
4392694444
1009402774
7100858217
7059376201
1551256509
2264881757
6428933519
3162453196
6829984523
1823653826
1362367353
342389355
2006839203
747595329
7195371418
3576333833
285027190
1829709768
1998360816
226172835
7970305980
46981894
318279992
442071206
185361289
27589159
26821575
372092697
5608585714
363303359
209487303
179489323
479253744
868269990
1729475869
518534922
3960241972
26062223
467199648
182278435
1798348714
455297024
1825807451
227700417
607043038
243365425
1639564984
916807190
5895313714
1316127909
257668514
490292776
184436910
277751245
47485212
2248535072
826128764
5926169559
1517086044
5784015182
615652774
323543340
6069946790
3663710493
145871730
1782605500
1905129612
6114126606
5956418436
298855141
25691739
384195574
245150983
1241401516
1588207350
51850862
590659971
1683657871
257049588
1934199778
5480488606
15530626
305488271
373208107
8594423
143884206
403069774
3979971810
2149695880
3671709233
2537716513
199053835
56137129
5625180154
3251364857
1717697694
1903531500
188217459
6111461079
5895733868
54717604
1783626204
541121958
256580052
468012640
5981184655
5661194470
2070937090
401544967
1330358164
390099595
3548042543
329396829
221403678
238507907
198272464
38181216
340550239
281563190
266073813
253404864
218733136
622503301
5753843903
270071203
28895144
55048658
5728735986
180406431
3321147892
245974707
1519382904
383285901
421835663
4359070127
181482919
471624321
145949863
263128610
1794058546
5622531880
1481541592
6166568078
346079620
216430774
6028127512
6097218315
4685911245
2036238531
44941569
1795022755
1724995115
6328051215
515334869
5782578590
6421092666
1642934755
190015641
2050257721
556829178
1836202497
555959944
1428593649
42151147
6489410897
296581031
235465416
5663560179
1478973034
797887455
4519464061
435224724
5390210497
50935468
9148580
1907510863
6283240105
4699283325
2437391489
571220586
1962074585
4165853837
4086257448
290173758
5932389612
6668260668
6692887281
1648971583
2333347718
3036081469
1262216553
1613082881
2865567845
2289036380
1569237039
1125237430
1321857659
2999480025
3418357888
716560020
5750633995
590220836
5936322481
3925763085
3079939747
3159797207
2302504565
4641561552
2290642669
6519386301
1697031007
1510518324
480905218
5982806570
5736414705
1558863939
3580477071
1543376853
6657099775
4971307876
3426960701
1617896002
2865166423
1668571012
6670081134
4267221641
1635767647
457113083
6675619986
2071029857
6698278959
4705179149
6119856903
1110026628
4306775966
4635775904
6641618997
1635427216
6201095943
314810429
815751957
3224989663
5727730368
417272229
5822932390
2866302593
6724443916
4153279036
213155161
234172754
5552997031
3587748213
4334336259
1753498948
1765988177
6662784862
367805124
4069186889
6675855246
6724587829
316997049
6273749295
6167894253
4210184880
5435346490
6697486905
6046690671
5689896440
4194465446
6540803160
693303439
6692024645
6671266335
4053338051
4563189014
4781828509
6731138572
6283088969
1423063597
2536379716
629644317
6032768509
6365155020
374181557
3025303257
2136802514
3998426824
5687723379
550841827
6203116603
6703885967
1390752902
2221661202
6727360921
2228471985
5651869931
6626148925
1454451949
1512036290
241884557
5395532527
1238090111
592688189
5505652205
6294929574
6264947420
1363646009
6719814213
2680883805
6108582670
3159016335
3297429002
2528827755
4875325978
1308360750
5990924981
4572528250
6742799037
2998675104
5594344568
6489796750
2966307690
614237773
2084200250
410670224
4570764570
6646965127
333403762
774366668
6492497024
506650962
6754258717
5529472495
1573900702
6361507018
2289492557
1469869127
2061967444
1571562756
1303398697
6767742329
1429187705
6321216313
6702142779
525866338
218021642
1633646646
366615581
2046119602
691627318
458665084
1012541987
584908854
5463371686
6675992359
594590881
46689437
489578632
1364113364
5544485823
5611836692
1571959329
5566943814
1433137773
5831383003
4667345877
698538524
4049594215
5964115254
1547273136
2236901727
308651157
1254845590
1398714524
1172832898
3267212689
4474645998
3466718023
6732366364
6182062712
1582869681
1431760653
6122606318
1583953579
1650380059
6760610672
5885177417
5649887246
5941225535
2299580210
1146241602
3261993136
572212704
287593296
4166255059
1230016219
1395300938
6762918005
829272398
6364782903
6269454054
5532256028
6342592671
1689170517
1691099844
6768633208
3501152152
336938779
1494239411
215998544
477920833
4244665761
2308055214
509028035
3668174068
5598089331
967180886
3701888463
284992398
734333923
3951685364
6706325344
1116059971
1253846094
1443006247
1440508871
1266635870
6764399553
2023214653
4228262571
6290362840
6795719845
364934888
3249065376
6287904240
5718663715
646436115
1656085380
1703744396
4697492466
1424460557
2884954832
6798823885
321061140
1492782299
3916318759
6762399078
1697084342
1304059667
2372019292
2083028861
6789043679
1040379170
2955659886
6783250809
6806259141
6095622517
5533275055
289817415
6052471912
6782875346
6795398497
4152048208
1641308174
6620393947
1700898931
1528601284
2157995460
1515729593
5554571608
6758722351
6749458551
6285783802
4037370955
6620956405
6625279213
5970071878
2360121177
199809407
3741582891
6367181667
1522967499
6780285286
1462188426
6320892919
917882472
6020536617
3971750242
6836055379
3601720811
6843026744
6814420012
371426844
341553216
217443122
6864368777
367678498
4026999205
4545800559
6872133683
231232732
273512860
6874522204
250343064
6318530232
6878611160
5523915034
6791285801
4172393179
3071398644
4718546072
6735514284
5749622254
4157479448
3554661306
2126910990
296202068
670247734
5696882553
6678277959
6868789687
464092755
997181374
6774563803
6777459794
5920872880
5737143392
6677688619
2208360911
6843564427
1549163934
2976280316
6280993139
3095074827
1107455157
208550573
2296084987
4342416356
6877510561
2288566889
4034421950
2945449128
1540080958
2176508536
1203763318
413175083
312797084
436997644
2059139878
22459679
566779177
810937219
1924665270
3250898644
1912883537
5726595464
543142190
539804829
4628444885
4606513798
294718200
688666022
1825715586
6889444895
644448009
1065923914
898187833
1390735345
1654696136
5541530530
6200653184
1182392060
213112743
3974742116
6168162341
1818293685
2076839495
1073044703
2981397877
1993719906
6606268022
6303862696
6897127397
3610098270
2329131010
1456021296
3418318024
1368541848
880817989
3981360931
5517734689
3275013016
6346019359
6925151464
1379759611
552410839
5672510037
4993747838
2123266981
3403320171
1535795520
1604971040
2056283778
1139559879
5796229504
6925052213
6928350563
4815420381
8236738
2318575175
928274348
3148680580
2311199859
6924192617
1556132433
1473806697
5750478364
1661115649
6867471655
5880093859
716938364
6741888061
4199161862
2465239725
6830466606
5605301449
4541757521
5722643996
1513274722
2359109413
6949980692
1222739919
787589810
5496927292
5829961565
2244166889
1488954514
4170871718
6336068394
5749478499
6898605080
6905305774
493343136
6885924651
6934956998
614543300
6241970446
2063304938
1559299573
6917895049
6943064561
2410224513
6947791786
6944817426
6686896968
5526637899
6941912181
1791843000
6970582218
6958838042
2350063874
5692379931
6944384419
5383033667
4309552895
6792533575
6952003304
6016690466
6826944790
5654592163
6836990002
6206216269
6704557976
6958575739
6645101771
1969904802
1954044173
6732009565
4176618020
1915881613
6780221923
3172849419
1453229472
2006566086
1088845437
6986134208
3001346541
1911692519
4605515796
2090171100
1464524536
6966957766
5942393735
1198258392
419238918
5875345517
3320996394
6854411213
386159291
6995291325
6935212333
5996445166
6352370289
7013347805
851668687
2027689065
226558112
240108607
502843037
21959135
825739772
479617268
256565817
1979066075
3219750936
4777497680
3283942468
1782681281
1229967282
2314704265
6990505076
1627057143
6089607502
581968722
1756091905
2115636122
408813605
5796238924
2671081878
5549709997
667385549
201685285
6651363112
945246147
3994828925
693924074
1936142617
6447271883
7128741937
1254691997
1397561133
7125045783
280564533
1532472691
4086869367
454979226
7059921129
5440148335
3081777695
7129590115
1327146453
6909805806
640458325
410539068
241590006
7156955748
2200449561
5812205133
1808748747
4585928760
6960374620
2151564965
7181019928
7170911727
4223343670
2534464554
693508579
3678581787
2943758271
3248629395
7200131880
6811059116
5920522041
4237421940
6829284730
1985032865
4325260650
228431681
1071237274
302539862
6840915220
7230008636
260770625
201465027
4798137955
2227397798
1279777298
338851761
175975826
37895182
4789107957
4138876388
6345759477
1303113085
6205412386
520593392
4536149615
717837205
6755979311
5699360820
657081065
7188090911
1278013251
5651221636
7139084321
6988571057
4634928501
3162324406
7304176132
603878727
422447634
6234991145
7164259686
7210101155
455261851
1306651923
7166321118
1636525244
3173391381
7336998542
7287590346
3052331338
3109466954
3467277033
1769654454
7117252760
4956022957
4182319179
6788961194
523733047
1283272672
6118990701
2337202308
3119025635
383650837
347251866
7381450478
4474404358
195742279
3298222401
1554368546
1284656828
1285035187
16938831
5588130512
5634410850
1960657028
266178380
785285056
6983610519
563665231
7034512273
3985420669
4339022583
31548756
240570792
2008916747
1575120137
7229164529
530470298
1438106373
7176021090
6441003385
620735857
1661015360
3277093556
6936168456
1413062907
1502023507
7046880696
3559178860
7498065009
2341018539
6345561851
7425773483
7496791274
2134716155
7463074507
7530841700
737608633
1688131975
2035749396
5481891177
338756100
1647533790
6978023120
5836916882
623641812
1202944544
235531707
6737065127
7547332818
4761587547
7147822456
1689478226
513127933
6247939039
4076251236
7532851218
1558256492
775012394
4507950467
6775760742
7634706405
5927001228
2350552778
7372183251
7658779874
7182272319
6883970867
1438197199
5615449311
7325962820
327032743
7692922966
5870336842
6277422910
5597746299
5672157680
549725155
3523348358
5364590277
285770732
7623614151
1076400699
7482299428
6273266312
2857959438
1912102989
5617768022
7707206872
329706647
7213900459
647247449
247927690
1993630930
1485118819
5471920078
3474071292
6648300934
7367862429
6854209188
371603888
1235456436
1560586595
2241308288
7399648615
654746007
1163530635
1460049525
7820144729
6295330924
6952798619
257078941
7601699037
949432398
2459989167
266086613
1633095324
5904743804
7820666181
7335032853
4571768485
346944725
7846751072
7834922005
7817989321
4285052478
4267369727
7857585207
5622276109
3988246652
4108499354
6680474389
7874147024
7882229438
7908745564
6353364049
1263148780
7324235219
6062981729
7848856989
1175372296
7128796172
487952215
507196028
1621346749
7922506440
7514436395
5016317147
7534327512
7035848847
7094688452
497771818
1290526659
2025019887
7993287111
1056027370
5573967448
4017903378
4080717581
7833839155
1591051191
7031734628
5562467450
5728703546
578964275
5490361154
3973723250
3870110249
6942050452
1688963579
395534407
7782188627
7723547269
4223450541
610326544
7914935268
511188265
1175530863
1054878600
4561348684
1751492068
1305052455
308163111
2952251612
7517372523
7770503365
620484805
7765798351
6424641784
1737401209
1472504214
1985335265
5654248782
8001433749
3988539908
16213838
8034065329
396277663
245395948
3236434328
1415159381
7040462587
3858456427
8165016686
4345318661
1420472338
4311014643
7571400635
3276165582
2967221498
6993739872
3258206084
7655471480
7954014597
1929345155
1718540668
8191535737
7439525088
8209445720
4646361432
6340004318
5913029779
8155762868
7217030504
4134302714
8027214748
7064537879
8088129481
1183730983
1651531916
8254991063
8261952831
8279691836
8275492091
5573470550
8278317134
7563454503
5701144288
7954740879
4781081543
1121930278
3152628454
1293016672
5620490269
8195609937
5577947289
7436591173
8338187617
4488707919
2048447862
8268926929
6351266320
1111288300
4146971994
2955298468
7151703991
8371938377
7392112749
8355329316
7925689444
3413136766
800234234
737105622
5382037946
8399489644
5862031501
265678770
5957321516
4965780627
3044275521
8099080779
3999520864
7944476369
183354988
7976381943
400462412
8433674811
3193366295
4810709502
8887516938
1439166165
944842165
8479226006
8468790591
2006971821
1353099967
3401704753
8497114713
8160952840
1569798478
4372222240
7076140838
5358422720
447875217
4771647756
7571976632
1711150263
2294421493
6710742995
7224221323
3165790847
8453895341
7892342466
8160921161
516482501
1303179684
7391365203
1949240173
8493030103
8497693307
8330663374
8028384981
629254730
381166084
8277122223
8511175256
8511825398
4095930682
8512026893
8514745397
7806568377
7818896934
372051447
8509806177
1222928882
1596550163
5417407937
7207687989
6975128765
2132752187
8509527906
8514511382
7658275862
8903740134
8503141074
6885812462
8920196291
8051453096
557196301
6406560899
8516639277
1656675005
7627868262
241425627
7431911862
7044033670
8465647683
2243789005
311565486
5610241123
7753143499
8518289773
8339191022
8144823866
8151045582
5597849235
5752259914
4015446346
38860644
6800735675
3536950512
8488971680
8524464898
1759063732
1566418659
8506128417
6208795943
582377282
6943373658
7711199156
6283578373
5604070034
8523112510
5594638964
1387191647
8527586460
8512180801
7338535884
3457203152
3004904449
8352505030
1948219311
1469663031
7372668144
7882124687
2236526637
4110460951
5621564075
8026671538
6927430923
2098016640
2954451751
5687571642
8183186776
511108530
8007323373
1598640000
7841387836
3480036796
7293845984
6625723969
8538446527
8490962695
8538519826
3224883083
8282365143
4976814550
5420855630
7540267801
3588172614
8222628765
8542980841
6264309988
1251944668
5237133231
5927224215
6111150361
8545161636
8093829977
8884884075
1626579051
7888135566
1136916012
4702516926
1354981013
8142800692
903916104
8521592323
5373744137
8498153488
8422278120
1524589484
306168724
1694152455
8487118358
571727076
5673571222
8235302296
3432636233
5552450456
3242671226
2273563243
7646058633
8528175182
8467673001
8336961489
514062845
8549269577
1188234215
6654888675
1301215170
3591402578
3036726419
8531798755
8157608233
1039138059
8472421166
1692456251
7317133983
2185572423
8499496600
8555366482
8523815880
1440392563
7704449869
7318106047
8527360909
8915172602
640113476
4527240910
8467186268
8564743620
7607919713
8885428856
8442068858
6607246000
8095396924
5503916734
3617707115
1510525062
2046429720
8444587533
529058953
8442187661
7480835903
2373703002
8569308799
475425175
6646638848
8492503855
8521893681
6060514480
8570352436
2337260620
8568090859
7725870408
8499723705
8555017104
8566846086
2208720583
8466547334
8574919562
8202728769
8573813974
8509567121
8014547503
8568145582
8574784282
910953573
4551922093
1682122971
8948452158
4875405843
6282328845
1421552051
8544139524
3824942013
8122541938
6283019386
8127512878
5724446190
7860850645
8488453655
7488860692
8576977307
1574419926
8280395858
1328197294
7539133034
1944988345
4090351872
6929016311
7432035209
5941134898
4337272630
6151672935
8474401467
8581406690
8581414545
2267124764
7368517911
6099816485
8582393564
8338001222
8469412347
6798834586
6793133572
7192720700
3805202134
246925776
4413807076
7572611572
6867302756
8528431185
8569552277
5877817315
8216500814
1641896554
3288974688
6321938170
8492884132
7081842603
1706921274
8584572492
3122873024
4570111516
8488197781
8918596921
5727135109
6816824091
7722871103
6224782373
1506403364
7319856337
8560928712
1410311730
5845728702
5520983771
8508272603
8479029646
4553055446
8933620888
1935039789
7509031383
2289703577
3184868534
7425677440
8593240410
8593354108
6264080174
492159201
8466287336
1588237811
7279554211
7832439511
5659552433
8593345325
6890826971
8569650645
8587893695
6738056715
3131007635
8545915506
5929482097
8579583265
5710474285
5973505630
1557674652
8967244068
1118439436
2197920754
8598489560
7577976554
501959400
8596399499
2077927178
337304176
1353277370
647648112
555243298
350596387
3557672144
250648600
271701611
300422111
4945921089
6216390353
4305380631
1546147266
1173807796
2193071201
5613213011
626070978
3729048437
222136513
217280792
2361923994
5490159585
1579306535
655984383
1394131146
1458177240
224752163
355054844
724509235
25612596
590057855
927920695
1416917609
1320101061
434533995
5761104004
3710643260
717009341
6226676069
274342148
5565469735
6230059775
334853000
1265518854
226952245
1427634388
4198330862
4103228141
46248587
4031748120
2235188725
1698245306
283246888
249493962
543488122
4819937071
548265716
1479003113
1584798635
5819872808
6205291360
222996040
290216601
433581843
289885554
6229935725
4294259232
6300410896
1483697684
4690099705
42801320
3294484680
3159927388
1062154564
6151310649
5362677321
2070428007
6332603160
1559919122
424736106
2240954894
6337941268
241240766
336571647
642104831
369828305
1965078424
5853760737
4147409199
219804486
3029583002
710921039
6215730300
484398103
1389522393
1576072557
219169765
5925058867
598753131
1755533562
1488947994
1770375788
6283116156
4156947745
6351910941
5925901855
1235653969
1360929439
6330335838
3974588106
295308482
10451010
192501719
422072852
18260818
428306324
707741105
221694424
9567087
202802231
1702949321
2034301364
5605596527
3711413008
2069382041
954614349
334899589
1412157581
3152904991
6423822038
2058054268
203411836
261563231
345546177
479214565
2105287684
4472298139
337563449
1520631552
2442091732
356422319
4451128043
6017112750
3573319401
2072111154
2031841010
668614276
3515902431
6556965558
368789412
6367804707
614530876
533744584
570875112
5326599491
1931880805
6224603899
6608248593
3008077069
1500310808
7897046571
8597779198
7907284133
7147003729
8257873675
8599786162
326496975
3599966016
3180388722
5886793741
6834552517
8596669752
7599443466
8169304364
2991736318
8570247976
8000957373
8594513155
7039554502
6540934532
8435939224
4061051566
5795724858
4394216594
530393059
8381355609
6761621341
722388302
1233866701
1794365322
6073105427
6610012636
1611725199
6937351899
4906959589
1318345553
257183994
1995494472
1509401602
3006609066
6098624568
516013504
5722899597
1490692524
1189984739
427779241
1936301618
534735601
2366320813
5519932273
559298622
1326354629
5550007334
4538276285
6725297204
6786804241
2321735694
4399796374
6605429470
222196560
3954131750
6889364635
1240627275
1977292395
4585598783
2275497944
6857737882
325502148
6473132233
3158747368
2127966436
2979721502
607676673
2203754567
4569733389
4260303128
1488992326
1692552260
4605921769
405255116
5839517777
6083791119
1466863795
265146280
7033695517
7039544421
6943772409
5646767781
4003708910
538654770
6907394842
1474724454
3569197775
1480499538
1001703369
1065259883
7047360252
4313588876
5654328834
3246886426
6974044073
3259164166
297352854
1156866312
2332750377
1142825835
5455424900
7152822314
3193876868
2076224780
6538512630
4694765734
7193933437
7070257451
282860805
232738714
2278267656
37963789
519391636
6928952493
5560419101
6741717974
43993818
288367986
3979107886
286940666
1439573190
723392377
2089824208
1925487849
563876704
342179632
3609273557
309432913
1718641462
1184128822
369591989
714120069
583436836
1706033257
212485677
4404392561
1524501939
183222724
5654255467
1225557935
3588274579
2050582828
608007730
985108460
5739216155
1743530846
28135212
480763543
3966032316
6796180938
367753876
2873231587
7327562609
2562736423
368003944
2043452244
1135234838
625783418
7285089135
6733792264
7301326213
5517169700
454196828
7234740084
5862052474
533198193
253505506
3100980593
7204353251
878022673
5660544742
588077587
1276698477
1833766835
5953466368
217614876
7155526046
7347182224
1495294569
1583995259
1440388470
408212053
2936930245
2264833408
1450178762
4037342675
1498707294
1415565320
1582897572
1578497671
5396782954
7360987457
1010267574
2340577379
1418084274
4345190537
5473515286
1557563945
4153898914
311640268
7314852093
3087016556
3739532300
5349471143
4929196113
6720497398
372453905
7234282848
6430203909
3473370230
7355206975
3473255788
7359866667
1419996859
6221985867
179329817
2085444381
2231219068
2247756117
7385203850
7273760909
6000194176
7294625116
596467405
4114079379
266018645
1443202339
7341361710
331038550
6443614956
7139555819
7088238066
6402096161
484765147
6801509946
341943151
1677531651
7061764016
2196041456
3311546554
6972851859
5524551366
2923806862
7291982317
388930090
7195372875
1189411922
5746291721
7372537322
7234225479
7150743525
1909259812
6684708920
973146698
5787575495
7087960293
7411622793
217274915
2046833243
406801642
3617898705
471677834
733367795
6196380789
6990923162
427812548
6152657801
331076477
1583787854
5612715134
3316791570
2084540054
1306093739
188927151
421980152
6683381837
5570505798
7147720331
7069243815
1334911192
6281895502
2123819545
7382780391
1238601429
3150003941
295960081
5640287746
1822726468
360644949
6618083549
1776709587
3897669469
7266693554
4753321303
3911638352
6731327366
634954783
2328135569
6244152133
6415201587
7370932769
7366114701
7237053277
7114342139
936335138
7303707916
2178038002
6888449261
4234377249
7392906901
7368335834
4736035843
5544079567
2116723158
2277736411
7243753123
4034095902
7245141133
6891021286
328563948
4615502118
7178381548
1283448751
357575581
1427533537
3637779948
6907851097
1007132359
2925000384
1478070970
927935171
7195827282
1458631348
3042232092
6125327305
6335882259
7327503202
5623020744
871872063
7056826548
5696579742
6195167754
2325803714
1326647934
1469694298
7234838012
5778479212
1203337550
7234167852
7285266620
5691094927
5632969174
5538413356
7419754332
1604228882
1174593807
6777229243
7440509427
7149922275
844342910
1362892734
5900515942
7220240085
7325918054
5659144286
3402796545
231452073
484734771
7267283723
5080685315
5378944472
5350119061
4043708486
2334091124
7183235809
1038948758
7301785873
6844719544
1474199269
1639127556
4014814049
4103502672
5812949561
5870331233
2802481503
7032923963
5931257793
1487574655
7233954840
6834876544
2062213395
7141515807
288398269
2464686344
599765048
320099014
2291843467
1214591726
1154181556
7161208549
7337658496
3264720220
4659226810
1512110393
4094184956
6368140337
1409864730
7144195782
7258071819
4705212823
7256567677
1277937667
454851893
1687955177
4174830404
4793282443
1350568687
7482452525
5868157010
4768332882
4627986456
1306419461
268651100
2671349651
5745060200
5524167254
7153555786
761209941
4272087642
7332615410
7419078519
7506116856
6924546907
1438652760
2446789727
1413964843
955722315
1960674737
4763483818
3684584443
37790295
428137915
2083172480
1249768124
7147180219
7269413749
6979373480
5801534221
424685172
2073300054
7064898718
7412596594
2138672641
7191462919
4110235535
7508300632
4307250754
3756203489
3869800076
1306578307
2832398082
7469354414
6835750951
1642335335
392862150
2116682133
5557927201
632730412
2365831914
3122468745
3764191608
7141840076
1499222095
1815153204
416836976
4930389194
1141455571
558719034
5782370744
1650242363
5694026283
5573929065
1097020080
3090651409
2925026026
5686703666
299260027
5979187586
1800257474
3107618725
7548949896
911743000
5948646493
1577189858
4640598758
1474212690
5816636317
7330308062
6737810474
473045256
1495200321
4288265239
5998582845
6968532899
238558632
378184457
2053022227
1662613224
2229530247
2065313366
7522096877
6320420852
1707978379
5785591071
1348006322
7108736498
5596929391
1597902339
3742254832
6015437492
4091302069
5738865988
2298514601
3005092765
5902053262
2252653042
1929675683
5723294447
1670984942
7040304538
5420790632
358544798
7290290953
6911317656
6444808002
6774652089
311078172
424640296
1408467029
3911383374
1413361792
7525346991
1716434162
1925673718
6672714536
7580146521
4291277433
1547877708
6929586545
319062345
1721971825
3670760510
5793210882
6733219650
7121210596
1292870387
6153807817
975045112
6525655141
7160419003
1005721964
1557877998
1992311834
2022596381
429339087
5732486326
2055538246
3295256726
1524265024
7307878168
2069034706
4698840584
4241165808
2462930841
3017717120
6073282416
3119048090
638180200
4335541417
5587009423
6565939902
6822408040
305229520
1530141733
1364543922
7054446530
6779450798
1970990101
6936456394
7093305011
2172920812
5570719481
4870384965
797201327
619216720
3886373651
7313923864
5891245679
354196538
6162105741
3593616941
6099356651
1503306185
563768783
4160801228
1460733287
2105570666
1557532524
1472695962
6309948136
6154023357
4307403897
6937582034
544637659
1674368619
1590413989
613935220
1530557809
1906617632
1318622982
1445870446
1651237409
3631502174
6948825403
4076478531
7647422901
1786309791
1924308048
6384608156
6629130606
2310269607
3761488035
7409995857
2092036026
4489527684
4135851301
4060368775
4144036088
548369967
4084048756
6739709897
7003957615
1378281699
7247832913
1997410027
4400526851
5780765513
2283081268
7095260765
7596339782
567507318
2252967685
5980569653
810170728
6081192659
34465731
7656307134
3435704457
2701427727
2124776563
367645944
7683292324
2177476754
364914826
708912100
4249080244
1911313101
1517102134
1019753439
2094814324
1943209739
5373546099
6866442777
2527154444
780243873
189736780
4751320854
6954397766
1483544170
1320865435
6961392258
1973697685
728952901
7688471274
4665560151
40671923
7110557876
7245264840
281631220
6045722728
7009290477
2465973650
2170001639
1575057407
1201634830
7127758470
306109932
1220816241
3875375902
7296356777
2529966875
2307019018
2633041194
7336867701
1041701640
3922120051
1553066934
1466130740
1008633972
4155421539
3444829658
3492803633
233946181
1497963758
5494194095
2297420301
6438392670
6443092315
5475822249
6688979548
1069339074
6226794749
6135575925
1482870550
2275736555
7454192246
271464180
4847612335
1395505975
41433142
842201134
1093396249
1459588774
7310345546
569662288
1631873163
7231966872
1437411175
2313345347
1301556615
4206829093
212520065
4485470611
1446420651
7606548808
1983416058
544382920
6183506889
4629841272
431649017
6437464720
6866682173
3132944624
2363207340
7547896779
7082605017
1821231888
4248257825
6733266120
3268383329
1469290916
966914975
1935036079
2537918557
7340893615
1950830257
6888551846
4144155246
7491784575
7747520446
2080538952
1338561962
2347335840
7757461029
545297746
3810258240
7755683217
283888231
3421056550
1246479576
4000765157
4849789532
1243031311
1216062481
458335446
266452611
278913796
1598380460
1915817534
6626603129
7360887775
248622391
6728675155
5577221479
1493727607
2295950172
3142129921
1469983921
1644336871
2080124712
4720582908
3650160010
7615901690
248483677
295199095
7275736233
1625596746
1311982924
7633404700
1401076294
7787169501
5656066056
7717321596
2057217880
1576111053
7355425030
1410922031
7497664624
1989618302
3740293458
1632459565
1482529009
3216782797
7844799472
6983671674
6656797728
7623366114
1059308640
655698774
31216215
269530688
5489886211
7550697527
7668822975
1385827465
5686322285
1823574529
2072724353
4246852022
1569161537
4416728709
6742170524
7393034237
5476266675
2139745235
7366569033
1627709909
6542143506
5601102964
355197215
5744226693
688019723
7382298656
1717683825
5382653091
1643449712
440986320
1421335298
581475934
4109127709
7043743286
7871823215
4228204290
506629049
1425810833
6057538353
1622278649
1294621902
1376521581
1169658306
6419852634
4193809565
6654601810
4042893062
3006459803
2319073156
503828785
229672693
7587610053
6798144740
365858152
302386275
7808080340
7842284575
1738749688
2001268856
1324372590
7528062038
5676706226
3618155340
3289105245
682491475
4839922838
6320146668
1741926694
5903416210
1522109478
349077904
1818386226
1420474422
2305930266
5373682045
4640351345
1543855223
7297302885
7427243251
2950394120
6830779719
261462187
7621709837
3659584369
3639889038
6320450603
3514877929
2010681837
7058701098
7665787839
4263809116
234194679
4367752892
248328068
2254113937
3297931123
1925976815
225476699
1605848943
4671555247
1569902139
3248399479
5865950345
4050049352
2244851611
5383884870
1728331351
1940483118
6737161773
7864956725
5945095706
1316705761
5395721715
5761417803
1479885705
2021205615
7325413325
2073040718
5810989744
4594019562
7286241046
5521095581
336480193
7283910498
4743072768
6656079523
5657721537
5324030196
4100244604
567678359
4361168162
260871013
2225822605
7873081821
1609833832
3968672796
1278388298
7366907588
4929727538
5592021125
998061049
1734885997
7156007990
334509908
4093293360
4097388411
484549878
6949253813
1622766322
234143006
639345718
7702415176
471835813
1552696667
2219237969
300175132
1964715755
442411896
6766813532
4837231964
1931756776
2206563248
505409144
350068864
3681429018
1626567779
371531856
5568364707
603999940
5053228565
1719453913
241902935
3041428603
216371733
1906679761
1513598891
381751139
1293461576
6235063062
1566652871
647051751
2060483456
5365060814
3960974339
3273646610
7154065714
5475524724
2366236857
7209863982
5728791573
1569304741
5694712858
1638714350
1292908476
6754765171
286413736
2541257699
3304123929
2155953605
32747139
1998703994
5598019657
7198161651
233198926
283997689
2317310932
1318069522
5842453827
4773546975
1289117302
3005643615
228324745
317050639
5677787506
1284937404
1600867993
607883777
5791964049
6169310255
6693377254
429857763
7966806827
1780721282
7686430571
1105484321
2064076105
6963624263
6874753463
4153064552
2912035686
2119504576
6254844899
6369985039
1989944567
1526488264
1638461226
1275587556
7139922076
6175448501
960193695
6053359439
2532832128
7900883814
2120806579
6945804940
4779919568
3963785378
4777643795
2244109945
6724661282
5673283643
7879104732
813353447
6801023229
2126119074
7112788041
6085918995
928420407
6179584137
2313863865
239592251
5995465575
329013205
1017101178
7977406227
7782853083
962624051
7519096633
5485735436
5620221454
2044275261
6655927806
2016923817
7155090791
5920792881
7208518342
1275465348
7881690557
2068710265
4849509048
1711934970
1398920103
4555041209
1837867142
3264760811
1077667736
384586317
7834092974
1175956636
1993813443
8011901332
626307133
5792522605
196183351
371584170
3614392479
7932364241
173896787
5138589927
8028450228
7884691079
5714737296
438984265
1181673276
5954792736
5683284439
8041784666
8048207252
7499706351
2265445118
5950796712
7420123705
4858250820
415733862
1605842499
1722787701
251397592
1277591627
1675505832
1248789765
3188977280
581824507
631782581
1427935000
1994978819
639350190
203348830
475256482
1823591736
7411193525
1642996230
3031848154
259893181
1450108076
517510106
399933291
1437498522
847838234
5757619989
1115760652
1918436414
1293662762
846866318
2941643190
594002025
431925909
313713744
1172654052
5969436602
248834836
5961639603
1450096900
2255389368
1171153811
1552796460
6743981734
8606472151
3659184407
1387097057
7398896667
907927178
3560930556
3992281605
311585422
1317373719
4588463456
5414639780
1993834518
3965569964
2281012720
481255190
1806820432
6982714888
283030770
4848266854
1252277724
294158524
413078344
1426974887
7076709690
2314053784
1800589673
1532731002
1444981913
7148957692
2212435086
1220326718
4197507287
5888673621
5783458503
4515453782
971991084
2194311603
1637324881
2166282450
6052457210
2462778488
1926684259
7274092741
5530249095
2010044559
1774977534
2948370870
349168083
2960058400
1764708608
1638997415
4029756666
3213983926
2520471898
4104929865
341950087
1392031454
1518113236
5496343591
1009735696
1548356324
1998653143
1400960605
479691150
6309199889
713805122
7117904494
471093141
234754106
2265450889
5483692465
3235602279
355682665
2027635464
767552452
6366985373
1611439385
468191324
5879134112
1390727938
444830722
310840596
655602596
814829869
4648134358
1468405935
797146742
1453649848
5986631963
303739981
4623055313
3112463139
2306154856
1571600384
1442684387
5584362754
1292793110
763056655
1078296556
4086501623
320466585
1755877255
1779389607
6063831823
4559778078
622016917
502972329
696530513
1925737270
267960855
2010891335
1025997925
5365502513
3481433625
6462809027
225728853
1584570801
1306189017
1448449788
2281199735
1360788830
191075233
641392722
329313334
594639303
1632595762
1407866408
628785403
3492236985
6902626157
3922078634
1976996501
2080518010
4173853096
1131714280
431579281
6268780824
2028207782
1572676580
1553420195
280156618
263175569
2243564021
343695338
979245747
1357158963
6804708825
290909251
1543079120
1492642786
6154936338
329576336
5653230565
5364235581
4300791761
2012420011
324772025
6811995937
2297143108
395263121
1633075824
2276295139
6679870725
8184795906
8382428456
1153691309
1915491493
5476379258
1487166164
7011498447
4022098561
3513284083
1733136563
2299166146
365803583
3569094369
1018256211
1635981755
5397273614
2249568116
2954937825
178398950
649348895
324913768
3723400185
5988107293
5894773776
5534019445
597815921
283774380
6510299462
6045516593
6647144534
596329821
2965684261
1105310890
370656233
6274600183
627534540
413337181
1949088186
275477749
1285551049
1384413416
3989779080
4924922449
3242184762
230684456
1387783466
4172196541
6351834967
6740737403
1395548799
1642835118
260113964
252525820
259830875
6110815023
6421386755
1439516807
6795173673
6806335800
356340766
3985104534
344006081
1580390635
6847155086
4158866071
1232717881
201883463
1089949899
489250346
285920292
6913303082
6913345775
288597388
1021627749
4491251729
4260506665
6158576645
389787017
6697219166
6830721685
1141411046
552172058
6691101981
1710322470
525327234
235217121
544539238
6939644991
1346115427
6972261584
1591761861
605822129
6211482974
3830465095
688614734
1302077893
1341026162
1780988709
6064214015
6157285341
3773409646
1017771186
2226780601
964194829
528310459
502705111
1942905319
1667119264
4872626260
335996924
1400531462
677850118
675444965
28112735
287451681
2309948689
6946244022
6985000324
322002855
3928060142
7013170755
2209037759
1490582066
2936015540
245851422
1166669257
41467719
144661950
4391643421
4784701910
1333117244
178347419
1913356906
414848724
6062475433
6967133218
6697700435
6245595322
5431839111
49483913
4739680948
5880785485
264318922
5953148795
7035192721
6234488916
7112234967
7082880749
1209113207
2231446064
7197419987
2365814498
1455418569
6941177072
1016665049
4302193694
7271515942
7257397103
7148942780
1040773793
302020430
325525434
6960376247
7281530248
4773725790
4094467970
301738507
410143893
1814759572
351859427
6954241945
234995204
5350444392
5565126554
315630222
294603110
1582414975
5807490974
7392236497
190670877
555754194
3867240500
224410725
414929346
2095770741
1472279723
7290949461
1745312682
219011560
5323648903
701792419
619916635
550557259
7233179233
49881942
5521312995
1591928268
7435745449
7491044486
7484861958
4879032214
6795001290
7284081259
4223085563
1208300333
2957664264
315173374
305123748
1009525809
7330468996
513096153
2495145917
3129723536
280625039
7290183643
1557817058
3537265932
407978450
7601987351
7581295890
216532009
1746343298
3184901350
4922546432
5609472488
5642602920
174541848
1341151544
5604942896
212872920
3991581120
7682537633
1297427167
1453335696
6835672264
7279896331
7100968328
354623062
684860830
7352069736
4762175747
1410876914
7728273397
2032117067
1101585849
298886024
4149832693
266951783
1645875222
7766365779
514747610
1085659079
328597156
5835229434
1940605041
4306126098
6089936121
7398838142
5445279961
288989661
4574057839
7080398049
1928905328
47537750
1756350844
7754253679
2060123867
7758797285
2053364680
421531591
219406241
2078192217
288827004
235349323
16213285
4184116122
7467918244
1022537485
5561904023
281144906
5356095817
4538045977
584116522
7952166768
1997508479
7912136950
8120774365
8009776041
729686695
4400858745
2535364856
8157433089
314033825
1440594895
7965189656
255681595
1743926035
7719097858
986379794
485396011
960271643
535677418
811218020
2092141303
1385357499
1637394161
6953836152
1131627106
6167597201
455059049
254816366
2182418042
1475401195
7831580948
587846604
346294146
4360388990
6866470253
5865320281
490776537
4811551528
521530446
16434694
845953582
5678977184
3572745308
2229150833
2033525400
205118794
5407673458
3141401038
344267190
1516043267
4127146641
8179529694
1537747497
191864211
5873792743
435094391
2261822116
2011775427
5501835306
7733648616
339304312
7835021896
5627845315
1546790224
1273940014
6370011249
1417930600
2339488371
294765654
3533437605
6488532498
3506089005
2984821326
7096240633
4904493937
509042826
1368757989
2142936206
7067529705
7945639724
425031293
6016912598
4984015163
2093463112
1460013265
2143965629
2012085984
5689320847
305124906
300675112
8343989083
6640694914
8249412538
1418089399
319116489
8331415953
7718293087
2078268679
610354562
7106923590
6360688177
1382609571
316993089
8222870132
770030130
7781388289
8401267797
1508099707
1613705197
279592803
4154703213
2216332330
767182071
1737163036
6643024823
7749372749
186967232
8298573732
7243322814
3926290263
1963854801
4227640874
39995818
5588568781
1284723451
1364355667
1643414226
363359590
241449954
497720044
3575326823
6711447026
2158046956
2140011781
801972521
306474895
1200383364
7995769240
653190180
8469103723
506452961
493208580
294040072
214498261
1662941566
1450240762
265984207
1566751483
7043472413
8513947164
2116513407
365220908
2459493116
8474395581
1533464436
573290911
5731371351
4582004922
1472603334
8365626455
5738227334
1828169368
7795243452
4134491200
735109113
1465759965
1960039650
1274755894
1782685998
4578654666
7628938586
8360297146
8102619905
1579190098
3514548453
2527351807
243922489
4202940560
1726429904
8461864661
8574180719
8380135764
2711801315
8379033158
371112503
7169983994
283732215
3617731434
8250597446
1034094439
7576470602
357494440
7221414763
612805270
23974081
513636752
7580958334
1674327131
7000412458
1104798099
6325100888
8624583712
3425032933
