3689297475
1507342269
1621789354
304942007
192386198
8096534006
6648113455
1474407895
212728630
873294217
5727080351
453701750
8173764671
473974566
6679350283
6834107110
287833396
297216808
448498634
7390472050
2273063889
326655703
4454545609
8204536098
1330837658
1602695125
6916962408
324510243
1637396930
1338670396
487850128
8473446060
1713183507
6663694254
3260942548
4976353110
1435207315
2095298500
7334102221
4279616690
8039961993
365858027
2028694048
268646294
1207665196
5802502438
449602461
5771766260
568596615
8901964393
1962060560
557092263
710409731
2218880208
7669017127
5754689147
5403030586
289880351
366637614
431057887
289743027
174945437
4389822711
2096193770
1518315593
4742608105
6896591433
1709697479
698452319
2245139007
3403777793
477630421
190791689
320206244
5596667170
442220506
855285064
8121416629
521957551
1671548642
282170330
586348261
223729904
6831793509
645968379
1583766724
7126006490
1421708715
6340199060
998093466
509300327
1913266886
8421356286
290242674
696447299
625011528
4776921022
710815264
5511356379
3530989048
2977555210
1580127891
336166356
2916255438
271365186
7525197606
8318028565
420699787
1589601467
8180198161
424076179
40250952
339449449
2116103317
1488222634
7891835306
6078995319
8304828168
1510613704
452270388
203895610
4198746132
2683955931
355797965
243965182
7953085674
4169946159
1409399303
1903713430
641827023
1104704642
715705085
1417222733
6216894325
6139823192
1638057042
280307143
1102623466
1388293457
7937177821
275393689
3269944748
7687377486
528437159
1696623018
239870909
405080456
632886588
8231327351
789522340
1536112512
291650512
1774269510
1646285477
1791967940
7311686942
560197211
1523044239
1595531178
2462226
632670460
274136350
6811667036
1568623642
262848656
