451227154
239077495
2001471511
6067445146
2177586466
5737210058
259641938
3876806425
261240883
559479478
7399547527
6881750460
3322699922
472448173
2950674180
1405426917
289180092
245465706
2219647158
7173330499
2199458935
6267102050
531856311
1294250230
7967766817
5892805273
220993254
2022083771
2966540586
524092692
4743697350
17997476
1050199056
605657310
7164575398
2612554552
6274088761
331485380
7416963981
333634886
318294009
729404198
47231684
3949803814
4574695312
5333708971
6806746619
716616140
557819345
358523251
1274180089
6465486499
3682037260
6278157104
5579870693
766952274
5632073900
2141917173
2350703280
6294694719
7098870742
801425930
5088254680
694382259
1136300261
349328750
1185203622
5816186077
388738069
2298998882
2970148311
455595837
1730801907
7057403019
6539112741
1299549537
6965283423
1277217703
430004317
363189474
5348920264
4034565980
3937416262
232066090
244892734
374135447
4647220548
300961559
7588178464
1128009505
985748450
1318291113
2059872486
209140078
3645478775
1374293797
1613224073
4694239895
3265386941
4357339872
2236928414
3705960725
2249053447
1344049506
228824391
3588959110
349155091
1340955718
3163290505
571885262
190187887
4538720642
1394022219
2037764728
1535881126
5937147009
377174303
1513267667
350491677
6891207283
1420857542
4296564504
45281114
3439868430
812970344
370319020
1298523411
1301905345
6899021179
1199083130
841375382
6746592609
571540484
270396554
1558617947
1422801783
2116457436
1099692569
1114791472
985972814
4300936716
3184769056
6889579218
53772855
1597802375
1830300391
6650335461
13610125
396914799
2252215569
264001008
6957495974
1983262688
343708471
2025400158
6876436444
6294758917
479111516
594310806
1422385394
607526739
4158571339
1920598483
856005803
461545389
1510695207
1441543259
238934448
6215482366
1275757146
748152072
2219658124
1220740245
5400025267
2030409811
6216212684
221726295
5776351817
2121930646
327252928
480458376
501371745
1809077724
310685458
2936387649
1590352742
1537987260
5980209760
5613145616
6858770992
1431957397
3923646267
7258327133
3113235874
424615978
5884000488
348244139
2080355947
4245886573
1937074957
410613633
269423481
1102624952
339423064
4551733534
1444097390
368137531
1174450228
6332626539
450341505
1118761377
1428019896
1641213027
3166633233
1659468235
3650167192
3118285637
4043102540
7338417794
4324911374
804640937
1520925370
5560447975
3496229069
5646979123
400462412
606892961
1407410164
1498226465
4966734065
6464320134
1635125478
1065284218
5919251316
1537408888
2380884202
1559956495
994564138
386057959
6588556984
945862838
8135185533
5721703506
2307619933
376999134
2310834563
4106806288
3662642303
1486150994
1610952400
256131407
6130939135
1147256221
317852995
1788082724
254446151
3876531101
2446223497
265507393
389892572
8125552720
1930024170
1360178221
871275417
6139895495
464056113
5213976872
2323897522
5484871952
1480458418
4298503237
7088701004
3595625799
3600205933
287115180
428163688
318678160
385837274
1609646374
290364889
271051842
372450945
1392909430
1303912921
228727381
193048782
2255029856
2199795482
35269889
1163906996
2247240162
364929792
1149458903
1434279410
1488820455
1068214659
2109783434
1906867911
6973487361
245234566
1181051051
587915938
248141414
1090853076
2114481089
5344298998
1449998387
290354134
4480362196
4021623958
1098742707
4843678352
599673402
272433861
1525425363
3267243084
5753763217
240305222
1379892262
417096035
272527750
5714538929
188464194
390312998
420533184
376015101
2043460585
4862323655
1517533181
224261099
5400904635
487997521
504227536
302914679
277648209
1621324146
2179336292
317849614
437099892
1612577242
185302615
367630134
4319880904
841927782
521237987
1021405122
3555641119
1146351755
327165628
32238784
196212175
1718660848
5735078310
225384181
662381910
1579302554
6012791028
4839035823
1742638915
37284623
5778741520
6830807831
4150266875
2768297453
1646215510
5846494654
6309948519
1220143912
6822387874
6197071440
567817361
1488492676
5845146044
1515063148
5905067353
6826122962
3269306174
4127418454
2208779244
2134199735
5601073929
1720639677
354227418
1915010403
224341281
1524214074
449604512
6095601149
1481152542
1465745836
1168938252
3564613061
2067854450
4244312133
4105861312
3270615719
693105853
4003189189
1240973502
1418681540
4117217189
1330423884
5847577739
2218776047
2067760454
5671684944
6504265725
3903157452
1703736583
1018735468
514314798
1657367171
2021693491
5344319609
4763912787
292086286
3040075397
1420544377
3211846883
4719630172
6679015025
2110276370
4543405211
1963117927
3616291359
2010907799
3628983729
5472959781
6114760057
374933394
2436757594
4167444325
295286787
1077149848
1934698589
7738437116
1307984877
1709949451
1446639633
5888616511
6807430551
1551081894
6479745592
2267474681
2182832247
4489023323
947193999
4560812128
2711585524
468554160
2132265292
2148869648
2065155519
347417874
878127708
1630988022
2001621379
1510564119
1216423366
1581575332
4215639488
4152237167
1467111018
563620201
7200866389
2694233770
7002046536
360183048
789386517
4366253728
7434363752
1180913956
1831313950
1767259829
3005458780
5959391265
968403296
1368951285
5360400604
3631853628
2037740337
8020017362
3162166863
3251529377
7067831120
5430233065
370586819
1603100811
2202368475
4654229091
290382718
1372837527
7746919042
7495022200
616544691
3315886655
1633173089
4654822446
1318399436
3513391381
1429808029
6887014430
6828588470
1383788305
1421696542
332061183
7021031258
628931634
2012340676
8149942918
1017743253
1511624656
5705092280
5718955964
403952853
3298292124
4665940683
7711824357
2283402098
1725546514
1975011230
1554654198
329599008
6247156662
1543992901
3074143389
7324604713
1758646894
1469806414
5567822171
1941364727
1422504568
3075615969
7404607802
1508312414
7509761923
643641923
3997948260
7361528708
5508097048
354737841
3692990046
1466850219
2055093420
1517151831
743169749
1437293181
360012221
251905013
3803311081
1490075161
3056301333
3519032016
3976569978
1475276947
7541261842
5528725379
2166283139
5978705439
7411542341
3315647299
1384305734
3428951006
2201604291
1410086556
688391877
6879884785
512345573
1330966812
553423235
590017006
2270908468
2270885898
6702930897
1481694940
3409450613
1353348953
6842715906
1979402877
541595552
1697401961
5052692987
5959685685
1246574043
5961440173
1340973417
3269077661
730154160
846991235
2375084131
6032822236
2097536981
946638786
4329054603
1330296185
2211670738
1793514974
2298789921
571216421
7591486976
2736297437
7549238679
909374737
1768140157
2986043485
4646916230
7734147401
5447978279
1180596510
1938885935
4310630681
1420022400
312663687
3085154713
1589075068
552243693
674773142
1701831069
337213054
5413317833
2223626002
1500375130
3907769220
7802310654
3114680876
2137698989
2982802373
3242584138
6432688621
1920670412
5643177977
5502871222
7700072419
2243659129
3217552671
1915813021
2316193120
4152499052
1085013029
1915417448
1942652295
1937338841
1551311011
4079041867
7592084928
1253409225
4356955727
1215810721
401007388
1696993616
4321965680
1729701032
1256853543
1688292999
1107093509
1539468194
7770552835
3022302631
3621035184
4163140145
2013755165
1473300333
1718584480
6627923916
586966570
1452497633
421642183
5641320396
6660627310
229940435
6983509510
6718974501
4011842875
2266055993
7482827640
3273621486
6558759716
1246853625
336541237
705169265
4040609054
344751800
5127824558
7500063928
2010543564
1523311759
365709584
4454702550
7548778661
1359080791
3231276407
1503023148
1351289511
1128999461
230905829
6041866144
4656645127
5398817324
7348478150
1669700426
2018163395
2240145053
645712942
1101105128
3709836086
3930559949
5759378681
694368469
4875952994
1682721982
5753917636
312303564
5141165227
5610633624
970867732
1689678766
1665027112
875521563
7749444532
1631152598
260648989
3514136648
2528433717
218234865
5880982872
1973937388
300128725
7948337979
7094914029
5555771446
1965138622
5445978526
1500244721
6732821491
5881885306
3116409585
5778352372
8904300948
51000707
1932200037
5037125055
288083156
6988382424
7419595416
3297078431
1312953762
4616657238
2657084472
4551798001
405010908
2279532718
641429331
1925650138
6521962410
7448717901
413757656
1626875940
5962319765
1090145968
3912515642
349288367
3004990057
3668216245
4458437878
456305584
2283343058
4365127690
1103887093
6000496885
1638090874
3625289668
238597747
286199509
3175441289
6976883547
564454562
1268302678
6731898595
3460142865
1392213073
1973343840
1169701327
1751063902
2932043684
5565849797
4321700259
2207706091
3920856215
7887016790
1675981993
6367811105
1601709336
790559304
2110652710
3415396372
5472594610
3646347156
3276850260
1376614033
5875671722
2220799549
2534696465
452379467
4143936277
7233030735
5905526624
2990604447
2109474829
4128969995
4158994222
6153453765
2025286581
5663512950
2023435939
1163849880
1722968906
5857796776
3227672903
3510161560
401279834
2214200821
991084938
2233465566
1603055482
2865494556
2300905589
400260835
217592714
2057628305
6124032734
1597442811
898917852
7424722826
2289181871
7754382460
1642717070
4056560815
2063509824
3059502417
2231244611
6649406434
975867303
7036172815
5744643199
43773138
683143926
378477350
488462010
5769957741
1394095530
318573047
2320587488
1923201831
1491740870
964159951
6937968405
7128984922
4850894726
4297769416
5891050791
4279194279
7485199677
1611707642
462926270
5548319995
1692187848
1395359780
1482366557
299938552
6286525076
7474940406
2086105251
411885198
688614734
2238515277
4883881455
1438428087
8461832673
3236454916
2174460265
6644522190
1115038887
4574905692
2961599331
5978715639
1377511508
387992397
998213876
5638375225
3195612391
1803762845
2945387951
1248880696
4389578963
1521422914
400626010
3898072047
1957827018
6085813737
2290168927
3711578463
4232935923
8549712284
325933354
1590980057
1538551796
5507859624
372507729
989555400
6809507754
263037032
748420700
2130613093
2207448153
4043075151
3112194175
8446269300
5347460324
8142988112
6937205009
8095922506
3994219240
3496608169
3033539507
1596046831
1788750082
8547616043
5354304865
4469380315
322072334
1378114594
1634523904
1126917131
4274576297
852647674
950613278
3256783239
5495374393
1453141989
4609315819
2860645703
637792465
1645829661
4634422676
431881759
2314187834
1605368317
5710739243
6969665980
3621338300
1098664596
3402251298
5706112759
2548177505
3110209686
769611901
4288758183
5815140349
237480702
7111658208
608987146
3125100540
6330289128
4468491698
5374919701
1430754712
1502989353
6154841047
4303564396
614225708
2134998542
6107185274
1818885549
1251220594
6210285079
6653179145
7829654365
4546312154
370999856
4295100348
733541987
8189596344
2238419554
1099736699
4462170954
3896293427
4579728682
6449035052
3536898284
3575451087
5524989312
3644742525
1055664837
192246752
5793094107
5479933924
1923433040
3517704996
474399585
1391176477
6491012259
4148471453
4734932851
5935967643
1542989354
3630006830
2144480635
8034339955
4450806105
1001558024
5511197062
1455985932
5801004121
6264053900
3219526401
4608433926
366083037
1800619657
4541344986
1327006953
4794622129
1095878097
2353693018
1557373361
4379929946
5321714920
5782478266
829313386
1936750946
2622149638
3526888071
2270489322
1632787882
6204301059
49422848
3573184919
1331026877
562366529
4030445837
297228807
4040362616
403486625
1604462081
616489905
6121843925
2325746776
2027916543
2249272939
1524548336
622786342
239278695
387194936
178314487
6656905787
6052010658
4314774282
1464262556
5491036283
2310013164
786168070
1960050335
4293716712
552618213
7512231165
1461438095
6908261000
7070521796
3803328935
3449177778
5687373226
3979069806
1029087769
521327846
6945988532
3537368650
3319933835
3422945121
5600367122
1652341278
3973813673
603878792
3720655531
5498075254
3124779265
2140671005
4051134111
2182376815
2038533987
4519559641
570327040
646561090
3053221950
379956683
4336143336
5787027974
2719174507
6332459295
1077242580
4919317978
4791664576
608849156
7009193862
2039441274
5970411172
6828298000
3237277909
3521947069
2256606254
2108148995
5595966417
706154896
2314516337
998001713
1354763208
6376582303
2067669936
2125641666
8329894861
1091278015
1822462092
397121314
4140165590
637878333
1008859696
1023985588
4366446223
716087735
5869810325
