481817673
879835099
2349790154
4730229254
4205462205
6620264806
914413847
5731788834
5906964736
1607219837
2136179185
2948065004
4489830139
471041707
8093829977
2038678441
758911017
1544978844
7200131880
3673760701
7522960197
2284835511
3943077663
309560378
4840232958
4616955838
7490712678
5719163386
7277433022
4090034491
1741657467
3066109089
1821513758
7155119925
5459588566
2160055534
7169082629
6949933195
7022873663
6041593658
7368058798
5865673802
1363417353
6856920429
4289031985
7770904530
1906112737
1395568061
55301368
7302091221
4482879164
2085444381
6028218444
479617268
3253910716
1696893380
294041251
1390914628
2238402278
2309960051
7141840076
1180681612
5763927625
1290865133
4754004472
1687888104
1960651092
5779412709
7295895011
1465361170
7856594331
388650841
5794001231
19494789
257183994
436354156
2329001552
4374094747
2278319731
5714301201
2340249616
274969648
3615389164
5865159754
428071657
36647090
6645890728
287170024
7799292936
2132490662
336966634
1944499135
1798771443
3684476090
4190345867
1644893595
1509959417
5721213416
6909095452
1093420320
5598991198
611182078
3312779092
223058443
7224205799
1547240404
4341119980
7306152565
392345415
1249839593
1331233006
5862278819
505521301
315077465
594069751
5789434318
1412670376
2200528304
39644223
7587911163
6981583150
7314874553
2195123246
7681467514
3036850341
7069252355
5946503113
6540379959
5713748662
6172021133
6131881157
7711989424
2205627266
7140664020
5727359397
2226265373
308377654
5092674692
1277684103
6618188715
5433467212
4077575841
7369333832
4696566484
7362830392
5422849800
235251162
429951957
5409251819
6726129697
1908984860
1493012131
2987742940
3960341150
2315471883
5726602381
4529926676
6888245029
1561650069
7631313117
2245751587
1034042376
863678297
7341317882
7929539522
4324816258
5842685475
2182833854
502358401
308337654
495004723
506801151
3251236379
2054635936
5373801385
594577808
472685891
7423066764
1670389860
7573575405
2871206709
2026145261
7456358924
6885230401
34067530
3216100513
1476945875
7233149110
6888510102
1653518485
3263505001
2328046405
387376470
1772758426
1684487965
409910353
5850594827
6866707838
1996604103
6953082576
8064699299
1708231068
3972869403
1306051977
6671010993
1736221814
5874889825
1467068825
5450912871
1189571951
598061750
3227782591
3292426419
5952164489
5355563567
5597849235
6437564039
990076861
6372916370
1096882369
5939713387
3227713804
7531548215
391129245
3411306750
6932645759
2292292279
5975624560
2175811298
3976857482
1595386695
1667223356
1800707941
1591770987
5804822396
1462188426
515917599
7372749052
3295803969
2330595220
5632969174
6025578933
6309502810
7285089135
6523837656
7392624022
1634221011
4026125936
3468544841
2128585925
7274145662
7219138516
1067280029
867897178
5458858820
1361101647
4152929669
38568755
1708113831
5710083584
6260706659
570238778
4302193694
7572443085
5392285235
2551597732
1652135842
6913467124
338851761
1827637095
1413685961
1417820234
235130604
552529604
6535860575
7368662089
6085918995
7412620196
5736235985
5679006902
262011439
2093034553
769727799
7899545023
3672885940
1599101696
6284875330
6987002680
6089557156
6220477281
4257720453
3406517197
177079674
8189489442
6031863253
296375627
7428131766
2158571584
5865320281
1067964090
7425374161
5685161134
1649928174
3432349979
3164229109
1829515573
271996415
7358264481
1460847713
7123660281
7057903671
1927096270
256433037
1906971721
2314392987
5709583998
1696881731
5376278198
52970065
710719756
6039135704
5862686950
2028121184
2002170527
221204615
6642698834
5670316785
4705980187
6938716961
1200348335
7312941015
4411660588
2105287684
6285346538
6344781214
5426169963
6986796291
7131455898
4898638801
5756011769
2944319896
840711832
4583703803
2527517361
785323732
2052975160
5396017790
5794066551
3250291562
3448800779
4641318414
5806927004
7441306635
1639564984
7959754412
5699120646
2065784495
6275658674
497554243
6283532081
7367203363
7468773992
1084213669
7682261610
878843701
5590798432
6996488846
6954970270
5515928319
480512552
1276185110
643322738
232639896
7359137002
202593382
1779854806
4074275329
1051518871
4269087379
5361852625
857110311
5889852989
1092635951
631982540
263747115
6751428001
5583037835
4560206687
1694730035
2190405895
6877703937
314810429
541744028
1643468160
7556488138
1937764889
6731801410
341209209
2033320899
7040898979
318645255
7434455935
7317244443
2821102033
7321387146
1702427869
5610510309
2223479241
7366147716
1220997662
1503624482
1518113236
7506543043
7352492579
6795719845
625474637
7209981542
6116020318
1197129557
292865545
570376494
3424754297
1401887068
5757898784
1604110982
4207132610
5966079051
1307771476
5430631731
292398637
1062422686
4070552287
40645319
3463471139
7011000136
7010352564
3468630832
922673784
409142052
4371035156
4014779200
5445276060
4610993417
5429017568
3058683055
7235447754
4334892865
5330211444
4853549353
4322082488
3644655280
7121636159
7115889971
1271811271
4097004147
6441119375
1313613187
7532851218
6667867729
5016317147
5737594521
4758990546
7288081623
416474056
7093923727
270223419
983462023
5603506937
2011721878
1709079564
5505233905
5988107293
2199637455
1712951413
5420296083
3081904847
3963737900
4058387495
5702051316
3110633231
3498475887
4038467286
2046814629
1952596044
1519059116
4134302714
3299038542
4229583822
315461090
1475949568
4581439061
3002855858
6065888359
1466046925
1224061286
1220773679
3290660410
5962256024
2224994296
2210446956
1492793026
2122204503
5654669886
1187063734
1513623321
321739645
5696882553
632872138
182829348
354623062
242840749
1681121034
4345611427
6075217301
7324567248
6779566300
4758918120
3175662262
904507804
3706099362
3557102572
4261163739
3621623580
6328469936
1833832782
7316211300
7353993547
795731105
3486236562
8124911582
1109928017
846662262
1999054341
5663668060
716912366
1946376332
8245583064
3529744897
7358772876
237879786
6376202794
7893176228
6984048507
464616355
6493768617
288838192
7218105777
6081511943
1116234398
5695562105
7101250676
3244613139
6926628587
4460065349
3250809799
7327562609
7231985288
1231704711
6976500951
1978638473
2231219068
7433367798
1982046406
4903817533
5636931691
7596312999
4913127583
5605880992
6555568972
3103708511
7427343905
5913368480
330982356
1361804392
5744242967
2260401842
4928579762
6751544344
594242037
3569197775
318906695
1689788717
7375903425
578323409
2463297479
4959448945
5827802489
1193605643
1823633678
1530236101
7593395329
7130601872
6439015209
2218733313
3948479740
1420274569
8027214748
6046690671
417501164
1471991652
7391612031
5349355337
4483808406
4355971999
1598717733
1933745916
1552675246
195264482
7223477203
4923084263
7571469707
7377196240
592141155
2272206786
7204410406
1338636647
7459571335
1601753520
1742524178
5277531008
1687970405
4116356062
1509545355
7532606133
5968672143
309392076
6325519881
1811091066
7125416803
814323982
6010143042
7234740084
8048085851
2314728439
6410105635
5964864178
734692471
712699806
6651445364
1960039650
7111512327
3261190468
2245554455
204731959
1616979235
7089297500
2014452989
561622142
5406525206
5763139833
6768104364
2325083998
7947242664
194988903
2519821000
1160158623
396618572
4164016708
6868502392
18345252
22520148
6247682649
965482839
6063498863
5489748817
2957382692
2081975770
7960429323
6049202700
8133640363
7468534201
750534943
5762060553
498967967
1262743803
5850603049
4328313964
1414105198
1361407795
2128461514
6958026858
6856367688
369811268
8063447084
4465758017
6965419865
7172092785
3188634093
6221454601
1455418569
4510508750
6885812462
5390372072
6424952362
6158692024
1731670146
2786729345
3665102238
279212609
1762115483
1695857780
1199884781
4312984350
1376848733
2944596666
2042056142
7709450119
4143189159
3916889965
3283771423
4161273856
3608965610
374656316
7017638314
6063205693
8095123940
3219409898
3230677092
1102263262
3236538578
2164218245
4322839963
2012027952
3972550518
3161699510
284349875
3092888010
457966512
3516353769
2220254353
1402744140
207293044
4145613163
4479783543
3178041910
5386878465
3266959816
1984522058
4536780224
1775104444
3122212176
1633023645
2941104190
1649865713
1588142109
1830264505
6283240105
2105336908
849993675
264301247
3418623017
3083767633
2244323400
3978102487
3057396695
1136656356
266254951
1076669326
1997457994
3545283903
2200182782
3107546230
245324968
5380426601
5886329739
620669809
5848247332
599730796
467216420
2244897276
1935538317
1650889279
1644591075
1768367376
2402622497
1279388690
3980320398
633520906
1476450956
1175594417
45116410
3687214010
408823133
3542857145
312240324
2083500895
916620956
2109947212
632004136
1803947689
555384430
3929040077
6339858409
2037851268
1579285526
1674725194
2267644662
7440965593
2096460718
2261419849
2003832810
4172788979
1473955177
288386462
2038879841
513315500
3706550464
4157271261
1611671114
1276509290
2353625970
3433908909
1365540635
2311777896
374032459
5436721311
537838775
1952310171
3094991630
1741208644
1354340934
3896688597
3454878062
2212260382
6877550179
220010675
1214346446
494615579
1598373608
3292333532
627839155
1577083059
3579212646
36108438
2363655053
1764565071
815624003
2311045397
5936451260
1389522393
231616232
1438156723
4702127077
6830867261
4198233764
41467719
1569989332
4444685561
3515035867
3115293146
3515784468
1514564039
1520897002
2239564335
1442896834
3962519201
4162611824
3426395630
2201560015
4401920888
1994496401
3491356991
4305339149
3561586085
1545790304
512900049
1488008891
6019943642
5375996033
38877395
1470910680
1342329026
1748383167
231065674
457817760
2242923402
1930689854
208972023
2376811899
3607430757
1503642073
1392262528
3687477766
4465364563
2175558845
1988086037
1507436682
3063356441
2098681840
486587285
2096945777
1709993609
7057237722
4585675464
6120243687
1396770319
3107605749
1644564348
299488688
4132993174
306751874
1374169105
1380079556
1297737249
1546925219
1535725279
361479793
1008578552
3925842401
2270495722
2353312812
284717611
1941150274
2291214743
1512533098
570325245
1450622120
2264377213
2278401758
354342257
1236778375
1809202287
5871779606
1455848447
547623357
642864993
1541772156
3564881654
1255778683
1735066236
4464160070
601171308
1401783588
7941769889
2228116687
2967185614
3268239820
1520285443
3712609876
4357803193
1921110848
289316891
2898061136
1175564858
5327247014
414831292
6095779885
1617943765
3230674068
1420952759
2929010337
458446068
1146216373
2221714995
1636014881
2261860718
3006494757
768452568
1504348614
670122493
4506846172
1600191107
2544550762
4505626259
5399803181
310746593
940098065
144297003
1618048222
1904207328
2374209698
282517329
577025449
1390793226
4280952916
4070527675
2353327747
1538422984
552470192
227636640
1766052020
1978879323
1982444926
1557180785
2088109327
2252965120
2534610874
2878913359
4150994616
553408706
2966604815
1367279745
974877031
4064133264
1501472061
2362384628
1043297770
943583056
1557310579
434882270
210424965
3987300658
7383620551
4024221219
357427416
2905668872
368967023
1512599719
4532971557
6629807628
1490957714
3258841928
1811409324
1703482336
3676816786
555440690
181835461
1283881755
2650347190
2287475414
4077018873
2073784826
1389860333
1979146374
1521188345
1420244857
1420977871
1644701521
4005892392
2315943310
2255044951
1256368476
384806747
2094263825
1201882524
2008891083
497625573
1620550265
647412411
3173673419
192020137
1598547269
2266198955
1476183810
2166380071
1624831117
1243199223
1537975614
262357263
296471531
2210228415
2137348308
3623142464
1518222787
757543770
1635433070
4338567476
1947972830
1417197938
2047869374
2166682483
1285647645
4174584100
3587860800
145366163
3572251904
2200632614
7765004657
1960592829
3266681128
2304775115
2367085865
3295043034
415184901
4053759084
2208641253
1504157869
3283942468
249165544
8249992007
3181296228
475119580
2963617893
1910585488
1464780403
1425192215
1935042032
6959310874
4751626320
6778083294
1200132487
5684995652
656057150
7286047216
882022976
677181753
7344105839
1546832158
4223764173
8390382152
6779954921
2995981734
4727080522
1912582177
1504373083
7802497931
7556326274
6183130144
7775855328
244770247
2058728094
3620976212
1272213833
2326966744
3139496341
4324331285
1833466030
7943200991
6625190322
1464642452
5815047119
3543842804
6042115529
3253937835
1390848456
3523188958
3406883102
1092444859
6039573440
7727157367
1418961239
8275024261
1326021998
1427935000
1649704902
5861597904
2053388432
2267503975
7753489495
588746095
1963244131
2322207060
3045095876
7493024268
2236970054
245904871
4117100445
4002831816
6362047249
7924878444
1529266671
1693048425
7961910079
1769272412
7049480999
369453020
7451550337
1498760774
1220868727
3019794849
7435729096
701943114
3568488332
3937389690
4085342051
1526244332
2491973062
2864723181
3018562727
1918958537
498592804
7731024570
2001686760
7423078320
2951909609
7382348367
5710181667
1698662587
1394989802
7610206771
2509638694
5537011894
2316393558
2020230355
569662288
227389518
1635272916
6270460603
317746936
7939674035
7373022080
1734127478
2173065297
1426591532
5552890817
5857289333
7301900636
847343783
5490222590
2287654115
7200582921
454196418
4065274686
1443631290
253688661
4401025038
633834586
3418301749
5414419741
7799472260
3101012448
470843173
3250137312
3493719698
1477522878
3081501039
7530220558
1702657405
3753854019
3745933836
7953624978
917372185
1374030364
5485058095
7835827972
1993926826
390918068
1104034150
636806860
2368091368
7403657230
6715817246
610650151
2333013813
5719952672
2050176552
1806484325
558334172
6969635357
7396156561
1835995668
880718008
346876523
2880546641
3165237367
7447834313
6870236345
5890750229
1525604498
238135018
1354628132
4362600130
8527969792
6924135196
7963603205
7759486120
2329306589
7396229073
7485474945
784284447
5641018789
6767206241
3965660120
1455928025
7635325912
975747653
5676239631
1710227087
309428997
1153986444
6918922106
7985727593
447493293
6994011730
3915672480
1768200919
281618978
840325318
2316363294
1504744355
4002674988
4092832682
3216864294
4543246971
1281270114
4948004842
1943527056
8198298355
1916452325
1793665765
8532187487
6575804739
5728934001
1445121279
5694081167
1836524160
5088698812
892636105
851187797
1401463494
2244101127
1546656354
143867576
6831130645
4832257062
7248512981
7784022583
242875639
5651945090
8312321248
5766885145
3922216864
7374619953
3645160332
5709847640
289578574
3991573487
1021307448
2583199989
904677302
8097254431
5940482736
3177937121
3711650552
4351783490
7969878359
3652371667
1626742551
1288745292
6965562153
6550417651
7723717957
6320814177
7441168530
370751881
2315821244
1370752691
4455269653
5697990505
278202309
5986488155
1147087719
438660614
4202131428
1580868285
348607319
370429324
8198204183
370524727
5446426157
4783199491
5458641453
6814190177
1623860217
3088828440
322331134
369458660
7267182076
5488673939
7812401615
1463267479
5603229481
4068439577
7326118374
3657504013
1548213281
1537988477
2275739657
7689579809
5487900588
553234220
277066803
480406901
4357670680
1424586752
3901760102
885917078
4348067736
5395758143
6761737196
385952395
2084263149
4333660707
1249594942
661206053
7374502485
1595808492
1147278141
1722599224
7741675773
7868763582
2073406503
674470611
3033992315
1531366557
5779237647
7400095666
3928542620
2044532912
2328654207
7184072997
1554984138
7763028725
7303763899
6044302007
2011748796
1929947540
6975754687
7285978628
7751741873
3895064039
1687535176
6259130624
569777416
253377286
2030343188
404631813
6216921912
2339956018
2671296693
5886491883
5575965937
2126541065
6257072048
6181570853
7872945533
356854273
2106106213
1925644548
1420377672
2177333534
6307314101
1779161778
7157436706
4481153558
1065583929
7468089036
2161050809
1431798170
372643204
865102348
4607858207
7231992579
3188712970
5361584565
7211398507
5396161334
7531071619
3755291881
4148632305
3519096084
1538499462
5923132688
888616080
1288468690
4558064116
5367102779
7629074473
5919098131
1328530255
1655679769
7259585766
3704188344
305591834
2038746476
1462376335
2000922357
282153845
7027790803
1246936684
7847348250
1005011650
1393538135
7372835535
1468059868
1583762773
1828046540
2153627850
5430834623
312975977
1591582785
1128327969
3939959818
1302212512
2167555324
1900993503
4964557764
1481636475
1536977137
7683489623
1456736865
1636773455
7671366045
5927001228
5979734195
5891260043
463714843
2094963993
752667065
3185399513
4586753693
7615901690
7491907021
6952722765
1417067715
5675041201
5334011542
2128600238
7875787033
5739223504
5055151648
2293765392
4393123243
1739698060
729125951
7780991402
437321734
655196018
979293402
7868112740
2173916915
5466628930
5876741526
3233886498
2228036704
6021916669
480773829
3045270426
2037405444
1229919216
272343241
3232747923
3747144147
5596052019
8123981100
7667823755
2206364185
5498954612
495566710
509261078
7209127241
4858998507
6952598819
1326733766
7038469228
3567734761
6761149889
1110026628
4015889042
8476586950
7888195774
2283703457
372280475
1942143174
2209198010
6288420661
3312541512
2280606416
2521595049
5426202979
7540443968
3545321224
1172393320
1527215360
7873884721
33471824
420948180
1582511917
1220872040
689004640
8023431533
7742212270
7493533520
2028145698
5710219911
491499849
937958480
570012602
2957739660
4097612348
5362184226
3656240828
4711363027
3023888928
1997826300
1593037706
6972394627
3888853303
7060957796
561984254
5602253917
1935525441
3012369993
4328272261
7572107503
228247309
1720972820
1131459262
5427165214
365102869
336814168
7908728632
6787101898
1222787326
6198423317
3294484680
7630754284
7437781670
1809083907
5879628980
1453368596
1908508731
4516374693
5409099481
400591683
2158046106
5669081580
1811305068
4094310467
7469699345
1630461492
874456544
3292745557
6331462358
7772832648
4273793005
4851892064
602182506
1761327349
7016485023
1440460959
1317438803
7168217792
6635954048
7355813574
1693809376
5850189591
4079469922
2236421151
7546630902
7130059363
5916340762
2188045836
4382365289
7076983258
3932387390
4660900741
3178252141
3613308902
5668264995
3775050933
4148254153
372945467
588485875
1050724981
1087258630
8167143646
7666677057
7383645068
799171725
8518176329
4333853722
3085354713
5816225989
1690930212
3100163054
7480534091
2207162724
1469280616
3402593153
1612781291
2125896398
1786235211
1696985697
527038651
6119875674
6322827641
3258171780
4815552182
7234396547
6983793307
3655706710
573617081
3496783106
4205239434
5899758991
7291848707
332573614
2082159330
5548297451
8054420893
1461581585
2932131212
5481928376
2298767764
6145919001
852753756
7595915105
1988106317
5975197226
3560692211
5408026793
1963695512
5214991373
4534618494
5548429827
6843564427
2231001249
1006871119
539704141
1617661941
5628540536
4197968643
291393865
6670738005
3917903776
6184960526
446042051
3495537858
1169863137
3248531444
8499233666
5427148316
1979402877
1090145968
8503292531
1562690480
4810884193
1823706609
382061124
1770728053
5412593423
6186626720
7071067860
6635138147
538475702
3868353691
1545085954
5549507750
5660937456
3268226129
7097404716
1119895530
1902999189
8255849590
492982746
8507571363
3713274175
6850678347
1685612972
4569246878
4240808675
6167962675
4050223684
5317920316
5792540882
5356786398
1010294209
6995598293
3194616291
7274763037
2098059739
872058495
8523894881
3225179683
1968715875
5806029847
3255259982
2330419150
3554390106
1798911664
5459910766
4574845394
4277106891
5921784676
634518120
7069300643
4632872102
3248555084
6260861517
559748007
1786229997
2209241502
5417458258
3615872458
5374470734
1500190657
5476782913
2930402364
3523446272
907014285
1649780180
623774423
2161037094
8424012086
6518922727
4467169670
7748807589
1949516123
6243164634
2105450445
4250231491
4109475296
3285245439
3028740561
6062501227
4043708486
1974756226
6919879174
8379858988
2035167423
7112477401
2890196376
1290909221
367999416
2130765117
5720794455
1471389608
548991402
2979718210
6264943019
3975090196
2515133588
1457391726
3994491948
4306438995
1548722232
2894846873
7212466213
7158808059
1087841875
1749026405
288564208
7734299386
1143688599
668344587
596285880
7499975393
6336737241
484492141
4462884907
5349492613
433297783
2958725920
7412339995
2235120457
2362857665
2234634885
2279903297
6327005148
5524100791
7755259322
419529425
2055233718
4403020379
7338851576
465084357
1425632676
5541477962
3071511885
5880285524
624216165
1528192963
3099682990
4479927985
871161807
4362419288
891214423
375888889
4216419312
7137556569
4485470611
5471306390
379115089
6510299462
1955782809
4478405134
4695287580
3643694101
5556801848
1535679430
7571068872
4523470850
1937002349
1611621823
603837769
6920434034
2062542898
4748158525
2867572058
734249343
5997982427
648026951
3950157459
1649694883
3081232214
551500610
6913181552
4215448647
3083736736
4354763274
1820474858
1192613142
6966800433
4937846144
6628143366
5737143392
7021739978
303605842
1702151402
4648758548
1019196769
1901239006
2908042329
6271779392
1914212683
5690791322
5859767074
7095091271
4331762445
281725767
5393008269
4507386418
4529178413
1364316971
5354139228
6477532597
1589690427
564756873
4851786644
3261888458
6200729521
4323977930
5667434234
4060824041
3537281422
6813788312
2333644602
1779157979
489270721
6057030219
5628345215
4750097118
4614857790
2928798314
5520439414
6300518449
6006569174
494847137
5837316396
1624744600
2962384019
2714750489
3715421404
1776570436
1449898815
7173460697
1392997419
6683214866
8479086387
5717451525
2011397480
2083057445
3771725980
1953294764
1932926606
5392063268
6095644506
3965186361
2009890646
5824891144
4726211456
1322797757
367868216
5467762653
6084023210
4868611585
3210370249
8282687065
813590366
1963931305
615192112
5788252706
7756586023
8513878455
1074570573
6849551064
3946114177
5900096602
1926930623
1141411046
1959531960
1078235036
1744304685
3666125633
5766150943
251717456
3687390266
2056452985
6673085418
6060079840
4213578964
1933724326
2079566475
1804000009
6365847965
5872805270
1400747407
1466653152
1576864511
1552474769
323514565
188238489
4044760607
7611102702
1725514090
6824414447
1827917580
1536174426
3079883345
644082614
4997546765
1621191309
269724977
4667698858
498085549
5542000450
6984683186
1706880687
1428767762
6326407785
6020964058
4130213782
6332862042
4848546667
4070239156
6265360137
1903490534
639408464
6141196466
7622061019
1416768579
5364834556
5578305069
1691274364
7054070316
567801974
6097744597
2108332530
5481276074
6012815660
3542111265
1500340672
6927667316
2975759866
4031231526
1425311732
4266755565
4248870818
7149839534
4433867385
4266427943
3555547491
7015753361
4038857123
2046826699
1974363421
7725005206
7583483424
6848017254
7371248928
6036575686
4824726871
4838391357
6930438563
3123621426
3592800672
2090707751
1535571531
7242457727
4261205710
7561939715
970226314
4416095182
4095020437
4804080472
4578489080
4516647519
4611248832
3194091391
2126161403
3943164342
2977662124
1025556884
1467757139
1382157301
2036105942
5642230248
5846370302
2247974902
3092558892
6243181619
6647062577
1588561433
4417678700
7163088506
4688789533
2124202841
1370195355
1397850820
1104574947
1294425487
6990922832
5421617773
5517428706
