451227154
239077495
2001471511
6067445146
2177586466
5737210058
259641938
3876806425
261240883
559479478
7399547527
6881750460
3322699922
472448173
2950674180
1405426917
289180092
245465706
2219647158
7173330499
2199458935
6267102050
531856311
1294250230
7967766817
5892805273
220993254
2022083771
2966540586
524092692
4743697350
17997476
1050199056
605657310
7164575398
2612554552
6274088761
331485380
7416963981
333634886
318294009
729404198
47231684
3949803814
4574695312
5333708971
6806746619
716616140
557819345
358523251
1274180089
6465486499
3682037260
6278157104
5579870693
766952274
5632073900
2141917173
2350703280
6294694719
7098870742
801425930
5088254680
694382259
1136300261
349328750
1185203622
5816186077
388738069
2298998882
2970148311
455595837
1730801907
7057403019
6539112741
1299549537
6965283423
1277217703
430004317
363189474
5348920264
4034565980
3937416262
232066090
244892734
374135447
4647220548
300961559
7588178464
1128009505
985748450
1318291113
2059872486
209140078
3645478775
1374293797
1613224073
4694239895
3265386941
4357339872
2236928414
3705960725
2249053447
1344049506
228824391
3588959110
349155091
1340955718
3163290505
571885262
190187887
4538720642
1394022219
2037764728
1535881126
5937147009
377174303
1513267667
350491677
6891207283
1420857542
4296564504
45281114
3439868430
812970344
370319020
1298523411
1301905345
6899021179
1199083130
841375382
6746592609
571540484
270396554
1558617947
1422801783
2116457436
1099692569
1114791472
985972814
4300936716
3184769056
6889579218
53772855
1597802375
1830300391
6650335461
13610125
396914799
2252215569
264001008
6957495974
1983262688
343708471
2025400158
6876436444
6294758917
479111516
594310806
1422385394
607526739
4158571339
1920598483
856005803
461545389
1510695207
1441543259
238934448
6215482366
1275757146
748152072
2219658124
1220740245
5400025267
2030409811
6216212684
221726295
5776351817
2121930646
327252928
480458376
501371745
1809077724
310685458
2936387649
1590352742
1537987260
5980209760
5613145616
6858770992
1431957397
3923646267
7258327133
3113235874
424615978
5884000488
348244139
2080355947
4245886573
1937074957
410613633
269423481
1102624952
339423064
4551733534
1444097390
368137531
1174450228
6332626539
450341505
1118761377
1428019896
1641213027
3166633233
1659468235
3650167192
3118285637
4043102540
7338417794
4324911374
804640937
1520925370
5560447975
3496229069
5646979123
400462412
606892961
1407410164
1498226465
4966734065
6464320134
1635125478
1065284218
5919251316
1537408888
2380884202
1559956495
994564138
386057959
6588556984
945862838
8135185533
5721703506
2307619933
376999134
2310834563
4106806288
3662642303
1486150994
1610952400
256131407
6130939135
1147256221
317852995
1788082724
254446151
3876531101
2446223497
265507393
389892572
8125552720
1930024170
1360178221
871275417
6139895495
464056113
5213976872
2323897522
5484871952
1480458418
4298503237
7088701004
3595625799
3600205933
287115180
428163688
318678160
385837274
1609646374
290364889
271051842
372450945
1392909430
1303912921
228727381
193048782
2255029856
2199795482
35269889
1163906996
2247240162
364929792
1149458903
1434279410
1488820455
1068214659
2109783434
1906867911
6973487361
245234566
1181051051
587915938
248141414
1090853076
2114481089
5344298998
1449998387
290354134
4480362196
4021623958
1098742707
4843678352
599673402
272433861
1525425363
3267243084
5753763217
240305222
1379892262
417096035
272527750
5714538929
188464194
390312998
420533184
376015101
2043460585
4862323655
1517533181
224261099
5400904635
487997521
504227536
302914679
277648209
1621324146
2179336292
317849614
437099892
1612577242
185302615
367630134
4319880904
841927782
521237987
1021405122
3555641119
1146351755
327165628
32238784
196212175
1718660848
5735078310
225384181
662381910
1579302554
6012791028
4839035823
1742638915
37284623
5778741520
6830807831
4150266875
2768297453
1646215510
5846494654
6309948519
1220143912
6822387874
6197071440
567817361
1488492676
5845146044
1515063148
5905067353
6826122962
3269306174
4127418454
2208779244
2134199735
5601073929
1720639677
354227418
1915010403
224341281
1524214074
449604512
6095601149
1481152542
1465745836
1168938252
3564613061
2067854450
4244312133
4105861312
3270615719
693105853
4003189189
1240973502
1418681540
4117217189
1330423884
5847577739
2218776047
2067760454
5671684944
459967493
505819488
1586614184
1481400569
1744158712
1591102361
1140263640
1446609066
397904004
2257747114
2274343071
416331860
978906782
981467446
8130287293
4327428160
2329189554
1481653612
5440823554
478874155
7164625652
2887693498
1298476528
2218126361
337601224
2154071016
271538668
1345334114
1983923784
548306681
411619746
497658093
979791193
1112739628
6850951812
7924188882
322017323
692760472
1826573380
3613910412
369053468
6637032053
3168462313
426693886
3228736558
3415512469
2958799424
1067166149
1698376551
675091507
1393743955
274454224
5546476804
1259341960
1908171333
6706786423
253770924
2072654119
514272177
2061284075
1429805038
6043076687
3879664727
2028626118
944888685
2533402155
253744080
6006774038
269992488
5843845610
212401424
1521995558
1771851836
855527975
1621631219
4754807184
3287261856
489278394
428366135
3004981581
4057081613
2905627342
723814499
2079737001
869850881
433478481
421388682
1945386720
1069912250
254666164
867216823
1248163092
2380501349
1521592789
295139194
490622973
4016693988
5753863945
333617819
518557693
371411125
243913111
977109203
212793838
429584755
227579676
287780097
297445143
1523262455
1524016338
904221360
4149821051
265055400
452261260
850781676
1515893310
1250739266
1526432434
545886595
5718563655
5466583582
494692367
400073298
1484317892
1111923346
562064869
584587872
1026322468
1517980573
395590990
6818173699
2207510576
4640739501
1387094827
1507550996
1735597791
288235857
1966341051
657751872
2021232996
1205817715
3589483667
1520457184
392565815
5538177149
6052865721
6929337598
40682402
426340764
1427723607
2298872105
508499758
5361824257
2981076715
790487318
481687171
1571545037
1419046742
1437520605
1644821935
1635358427
2052116535
1393532917
5876068604
4223669229
323860900
4615080188
1611509425
355603340
321710546
1978636011
271481736
2498564204
1565141569
1743717091
6254769972
4109875879
467372794
1718689394
362472144
1509012425
6858515325
1358691649
1113120268
2126039438
476227088
308747335
224320899
1421198954
4194653500
365500130
5664503431
2063044327
666602101
851604990
878916216
2131114592
674797497
889400231
602129113
665800994
542343487
1365684644
244232303
1586323863
3882960173
330163468
312663687
383375231
746821534
238046998
1971066962
4572959023
5577272396
329945821
1461327107
1109728409
1614901922
8149978472
6580720845
399609981
1345424719
3253231780
1664968399
1394141018
4191412921
7742345689
1211579548
1211849005
1297076509
2176153712
456351633
4082332054
1526752853
1018843020
1114874011
315433122
482212779
1558010470
1197309903
1730856195
1957493919
1604534173
593512175
6432688621
1074952498
297957101
1938080082
376240923
3023107555
2210847959
1308457341
6668269786
2028999223
531946014
1249874204
1772901470
3190201572
3835977905
595946714
3638526694
4014479575
1096826840
4433976820
4214313247
4547708052
439009472
1693684703
262542764
1979728606
2189624306
3409676998
485913514
512415478
443092766
1515636515
1690455196
8191896353
4239559749
3197277017
1397734656
365531328
612409813
2003280007
1468033996
1279689217
2002124733
4585181879
1469759227
398119799
263263581
456405697
3204237144
831288062
2984613176
1599814403
229590614
2129862840
1327045063
2948194979
7540771610
1950359077
1961091800
3404100105
1663381697
1811550142
719568199
6809275119
359715635
2225529463
2978017714
1449546810
263517982
1706082900
5391237792
2695888745
2248280448
1953164125
6576155126
550983110
488112932
2132624667
3593303554
1288721271
5482359995
264050538
608475328
1991706200
245442862
2062989591
1475351102
516490253
416085880
1146946145
615604740
1008156875
4285870974
339428137
500029231
371531371
462274794
1831553206
1498544101
255794004
1484485903
499892041
1147304324
1621621938
5838942190
240708049
593525628
1214193918
1718443307
1013218511
322092852
473923453
4220789042
46385344
4792966061
652346568
