481817673
879835099
2349790154
4730229254
4205462205
6620264806
914413847
5731788834
5906964736
1607219837
2136179185
2948065004
4489830139
471041707
8093829977
2038678441
758911017
1544978844
7200131880
3673760701
7522960197
2284835511
3943077663
309560378
4840232958
4616955838
7490712678
5719163386
7277433022
4090034491
1741657467
3066109089
1821513758
7155119925
5459588566
2160055534
7169082629
6949933195
7022873663
6041593658
7368058798
5865673802
1363417353
6856920429
4289031985
7770904530
1906112737
1395568061
55301368
7302091221
4482879164
2085444381
6028218444
479617268
3253910716
1696893380
294041251
1390914628
2238402278
2309960051
7141840076
1180681612
5763927625
1290865133
4754004472
1687888104
1960651092
5779412709
7295895011
1465361170
7856594331
388650841
5794001231
19494789
257183994
436354156
2329001552
4374094747
2278319731
5714301201
2340249616
274969648
3615389164
5865159754
428071657
36647090
6645890728
287170024
7799292936
2132490662
336966634
1944499135
1798771443
3684476090
4190345867
1644893595
1509959417
5721213416
6909095452
1093420320
5598991198
611182078
3312779092
223058443
7224205799
1547240404
4341119980
7306152565
392345415
1249839593
1331233006
5862278819
505521301
315077465
594069751
5789434318
1412670376
2200528304
39644223
7587911163
6981583150
7314874553
2195123246
7681467514
3036850341
7069252355
5946503113
6540379959
5713748662
6172021133
6131881157
7711989424
2205627266
7140664020
5727359397
2226265373
308377654
5092674692
1277684103
6618188715
5433467212
4077575841
7369333832
4696566484
7362830392
5422849800
235251162
429951957
5409251819
6726129697
1908984860
1493012131
2987742940
3960341150
2315471883
5726602381
4529926676
6888245029
1561650069
7631313117
2245751587
1034042376
863678297
7341317882
7929539522
4324816258
5842685475
2182833854
502358401
308337654
495004723
506801151
3251236379
2054635936
5373801385
594577808
472685891
7423066764
1670389860
7573575405
2871206709
2026145261
7456358924
6885230401
34067530
3216100513
1476945875
7233149110
6888510102
1653518485
3263505001
2328046405
387376470
1772758426
1684487965
409910353
5850594827
6866707838
1996604103
6953082576
8064699299
1708231068
3972869403
1306051977
6671010993
1736221814
5874889825
1467068825
5450912871
1189571951
598061750
3227782591
3292426419
5952164489
5355563567
5597849235
6437564039
990076861
6372916370
1096882369
5939713387
3227713804
7531548215
391129245
3411306750
6932645759
2292292279
5975624560
2175811298
3976857482
1595386695
1667223356
1800707941
1591770987
5804822396
1462188426
515917599
7372749052
3295803969
2330595220
5632969174
6025578933
6309502810
7285089135
6523837656
7392624022
1634221011
4026125936
3468544841
2128585925
7274145662
7219138516
1067280029
867897178
5458858820
1361101647
4152929669
38568755
1708113831
5710083584
6260706659
570238778
4302193694
7572443085
5392285235
2551597732
1652135842
6913467124
338851761
1827637095
1413685961
1417820234
235130604
552529604
6535860575
7368662089
6085918995
7412620196
5736235985
5679006902
262011439
2093034553
769727799
7899545023
3672885940
1599101696
6284875330
6987002680
6089557156
6220477281
4257720453
3406517197
177079674
8189489442
6031863253
296375627
7428131766
2158571584
5865320281
1067964090
7425374161
5685161134
1649928174
3432349979
3164229109
1829515573
271996415
7358264481
1460847713
7123660281
7057903671
1927096270
256433037
1906971721
2314392987
5709583998
1696881731
5376278198
52970065
710719756
6039135704
5862686950
2028121184
2002170527
221204615
6642698834
5670316785
4705980187
6938716961
1200348335
7312941015
4411660588
2105287684
6285346538
6344781214
5426169963
6986796291
7131455898
4898638801
5756011769
2944319896
840711832
4583703803
2527517361
785323732
2052975160
5396017790
5794066551
3250291562
3448800779
4641318414
5806927004
7441306635
1639564984
7959754412
5699120646
2065784495
6275658674
497554243
6283532081
7367203363
7468773992
1084213669
7682261610
878843701
5590798432
6996488846
6954970270
5515928319
480512552
1276185110
643322738
232639896
7359137002
202593382
1779854806
4074275329
1051518871
4269087379
5361852625
857110311
5889852989
1092635951
631982540
263747115
6751428001
5583037835
4560206687
1694730035
2190405895
6877703937
314810429
541744028
1643468160
7556488138
1937764889
6731801410
341209209
2033320899
7040898979
318645255
7434455935
7317244443
2821102033
7321387146
1702427869
5610510309
2223479241
7366147716
1220997662
1503624482
1518113236
7506543043
7352492579
6795719845
625474637
7209981542
6116020318
1197129557
292865545
570376494
3424754297
1401887068
5757898784
1604110982
4207132610
5966079051
1307771476
5430631731
292398637
1062422686
4070552287
40645319
3463471139
7011000136
7010352564
3468630832
922673784
409142052
4371035156
4014779200
5445276060
4610993417
5429017568
3058683055
7235447754
4334892865
5330211444
4853549353
4322082488
3644655280
7121636159
7115889971
1271811271
4097004147
6441119375
1313613187
7532851218
6667867729
5016317147
5737594521
4758990546
7288081623
416474056
7093923727
270223419
983462023
5603506937
2011721878
1709079564
5505233905
5988107293
2199637455
1712951413
5420296083
3081904847
3963737900
4058387495
5702051316
3110633231
3498475887
4038467286
2046814629
1952596044
1519059116
4134302714
3299038542
4229583822
315461090
1475949568
4581439061
3002855858
6065888359
1466046925
1224061286
1220773679
3290660410
5962256024
2224994296
2210446956
1492793026
2122204503
5654669886
1187063734
1513623321
321739645
5696882553
632872138
182829348
354623062
242840749
1681121034
4345611427
6075217301
7324567248
6779566300
4758918120
3175662262
904507804
3706099362
3557102572
4261163739
3621623580
6328469936
1833832782
7316211300
7353993547
795731105
3486236562
8124911582
1109928017
846662262
1999054341
5663668060
716912366
1946376332
8245583064
3529744897
7358772876
237879786
6376202794
7893176228
6984048507
464616355
6493768617
288838192
7218105777
6081511943
1116234398
5695562105
7101250676
3244613139
6926628587
4460065349
3250809799
7327562609
7231985288
1231704711
6976500951
1978638473
2231219068
7433367798
1982046406
4903817533
5636931691
7596312999
4913127583
5605880992
6555568972
3103708511
7427343905
5913368480
330982356
1361804392
5744242967
2260401842
4928579762
6751544344
594242037
3569197775
318906695
1689788717
7375903425
578323409
2463297479
4959448945
5827802489
1193605643
1823633678
1530236101
7593395329
7130601872
6439015209
2218733313
3948479740
1420274569
8027214748
6046690671
417501164
1471991652
7391612031
5349355337
4483808406
4355971999
1598717733
1933745916
1552675246
195264482
7223477203
4923084263
7571469707
7377196240
592141155
2272206786
7204410406
1338636647
7459571335
1601753520
1742524178
5277531008
1687970405
4116356062
1509545355
7532606133
5968672143
309392076
6325519881
1811091066
7125416803
814323982
6010143042
7234740084
8048085851
2314728439
6410105635
5964864178
734692471
712699806
6651445364
1960039650
7111512327
3261190468
2245554455
204731959
1616979235
7089297500
2014452989
561622142
5406525206
5763139833
6768104364
2325083998
7947242664
194988903
2519821000
1160158623
396618572
4164016708
6868502392
18345252
22520148
6247682649
965482839
6063498863
5489748817
2957382692
2081975770
7960429323
6049202700
8133640363
7468534201
750534943
5762060553
498967967
1262743803
5850603049
4328313964
1414105198
1361407795
2128461514
6958026858
6856367688
369811268
8063447084
4465758017
6965419865
7172092785
3188634093
6221454601
1455418569
4510508750
6885812462
5390372072
6424952362
6158692024
1731670146
2786729345
3665102238
279212609
1762115483
1695857780
1199884781
4312984350
1376848733
2944596666
2042056142
7709450119
4143189159
3916889965
3283771423
4161273856
3608965610
374656316
7017638314
6063205693
8095123940
3219409898
3230677092
1102263262
3236538578
2164218245
4322839963
2012027952
3972550518
3161699510
284349875
3092888010
457966512
3516353769
2220254353
1402744140
207293044
4145613163
4479783543
3178041910
5386878465
3266959816
1984522058
4536780224
1775104444
3122212176
1633023645
2941104190
1649865713
1588142109
1830264505
6283240105
2105336908
849993675
264301247
3418623017
3083767633
2244323400
3978102487
3057396695
1136656356
266254951
1076669326
1997457994
3545283903
2200182782
3107546230
245324968
5380426601
5886329739
620669809
5848247332
599730796
467216420
2244897276
1935538317
1650889279
1644591075
1768367376
2402622497
1279388690
3980320398
633520906
1476450956
1175594417
45116410
3687214010
408823133
3542857145
312240324
2083500895
916620956
2109947212
632004136
1803947689
555384430
3929040077
6339858409
2037851268
1579285526
1674725194
2267644662
7440965593
2096460718
2261419849
2003832810
4172788979
1473955177
288386462
2038879841
513315500
3706550464
4157271261
1611671114
1276509290
2353625970
3433908909
1365540635
2311777896
374032459
5436721311
537838775
1952310171
3094991630
1741208644
1354340934
3896688597
3454878062
2212260382
6877550179
220010675
1214346446
494615579
1598373608
3292333532
627839155
1577083059
3579212646
36108438
2363655053
1764565071
815624003
2311045397
5936451260
1389522393
231616232
1438156723
4702127077
6830867261
4198233764
41467719
1569989332
4444685561
3515035867
3115293146
3515784468
1514564039
1520897002
2239564335
1442896834
3962519201
4162611824
3426395630
2201560015
4401920888
1994496401
3491356991
4305339149
3561586085
1545790304
512900049
1488008891
6019943642
5375996033
38877395
1470910680
1342329026
1748383167
231065674
457817760
2242923402
1930689854
208972023
2376811899
3607430757
1503642073
1392262528
3687477766
4465364563
2175558845
1988086037
1507436682
3063356441
2098681840
486587285
2096945777
1709993609
7057237722
4585675464
6120243687
1396770319
3107605749
1644564348
299488688
4132993174
306751874
1374169105
1380079556
1297737249
1546925219
1535725279
361479793
1008578552
3925842401
2270495722
2353312812
284717611
1941150274
2291214743
1512533098
570325245
1450622120
2264377213
2278401758
354342257
1236778375
1809202287
5871779606
1455848447
547623357
642864993
1541772156
3564881654
1255778683
1735066236
4464160070
601171308
1401783588
7941769889
2228116687
2967185614
3268239820
1520285443
3712609876
4357803193
1921110848
289316891
2898061136
1175564858
5327247014
414831292
6095779885
1617943765
3230674068
1420952759
2929010337
458446068
1146216373
2221714995
1636014881
2261860718
3006494757
768452568
1504348614
670122493
4506846172
1600191107
2544550762
4505626259
5399803181
310746593
940098065
144297003
1618048222
1904207328
2374209698
282517329
577025449
1390793226
4280952916
4070527675
2353327747
1538422984
552470192
227636640
1766052020
1978879323
1982444926
1557180785
2088109327
2252965120
2534610874
2878913359
4150994616
553408706
2966604815
1367279745
974877031
4064133264
1501472061
2362384628
1043297770
943583056
1557310579
434882270
210424965
3987300658
7383620551
4024221219
357427416
2905668872
368967023
1512599719
4532971557
6629807628
1490957714
3258841928
1811409324
1703482336
3676816786
555440690
181835461
1283881755
2650347190
2287475414
4077018873
2073784826
1389860333
1979146374
1521188345
1420244857
1420977871
1644701521
4005892392
2315943310
2255044951
1256368476
384806747
2094263825
1201882524
2008891083
497625573
1620550265
647412411
3173673419
192020137
1598547269
2266198955
1476183810
2166380071
1624831117
1243199223
1537975614
262357263
296471531
2210228415
2137348308
3623142464
1518222787
757543770
1635433070
4338567476
1947972830
1417197938
2047869374
2166682483
1285647645
4174584100
3587860800
145366163
3572251904
2200632614
7765004657
1960592829
3266681128
2304775115
2367085865
3295043034
415184901
4053759084
2208641253
1504157869
3283942468
249165544
8249992007
3181296228
1696753422
324963161
3028751374
2028207782
1377215426
3255605748
2001117853
3539624327
7211439042
6994486204
1353099967
4860731512
541785314
1133239943
3443273080
287005737
4086501623
3850793674
3245809684
579898642
2243036979
3683947884
6279987001
5350570427
228084792
1089741181
4256590510
8071384222
1294098626
471093141
641392722
271105074
6621130418
4238610084
5318688950
448935349
5609383806
371472098
7330468996
2130107708
1140072155
3648078964
2292401931
3087016556
5322240985
2024132311
1718522426
1255336325
2212435086
6910113573
333571106
6902626157
34391233
3052331338
4682089118
221668440
4128827476
1357397234
1382240806
929390268
2130331306
504106646
4652181146
5396239362
4024908004
5994153746
303682782
1957262402
532160451
6226987125
416282717
403151720
267960855
1289347682
561881168
1956488571
1187151644
3187035643
2306632392
446209350
6201847531
1349125154
938247106
7219747463
2201473270
6167165842
3753392625
4163199622
286917747
1178005179
4440428805
1389864685
1392031454
4111030900
2052588337
7171925346
515912306
4921626557
3154838240
5472520822
4309129731
1456425366
806487314
4288265239
1307916466
6003463447
5392530992
306198063
5604529922
521454677
1501133701
1667638218
2439543482
1390848456
369452211
3097184452
940554550
370698728
3614122918
2273032982
3550751538
7232694771
13762746
3973723250
7155793888
7622996274
245777548
231342130
6774008666
1358567198
6595144550
52841269
497320704
1150161887
657956036
2463349121
2371873480
419919593
7637067925
6687895186
2370869088
647648112
1090858325
6929429988
5961639603
631046044
1813057249
4283466217
589868753
456839408
2266141364
1599832854
3258433097
1572891528
1696165516
1400960605
499979358
4245169192
219239934
1525480081
962578109
1116583107
1445464832
2297311450
5787575495
3757085267
311106745
6013450823
7352069736
2990635847
627721409
2915398180
3525526401
1171153811
2269774187
2297337786
6194582275
528195230
428349322
4970067795
345488156
1622128858
8609000987
5937105100
4108213043
512522575
4220900333
310446593
633363630
2102028529
732872340
594002025
1390202076
4319070974
2581635405
1393560523
356203341
479691150
3892120066
5571409712
3652197025
7755437350
3678580595
4974920954
7638975873
2954802896
1677503372
6218257631
282260509
1906442017
5691114586
978573516
2270170240
8519636707
2276295139
1657907492
1060558230
543283461
1440623584
5534641098
447228007
488573740
4458643160
1570434454
299260027
1137641733
1634131510
3952556701
7117818251
369686591
3609112718
1558942585
1493596250
281656817
6661915418
3990776193
1444981913
4825249254
1544266056
329576336
2046340281
7056547127
1045332377
1693671032
2346869384
1426974887
5624263332
5496823980
320466585
7059874945
7027986284
475310699
1626567779
1571600384
6087437034
2160964396
1412218147
1353234932
481255190
196018362
533110252
6588491675
294676011
4008299744
3257924026
4514248905
1723957450
1418084274
1587236706
1471936122
2246888336
1755877255
3667051030
1422396252
271476519
5783311277
2034175804
5860933736
1365449156
1449041795
1581765570
1362367353
1281858890
1096723632
4305140473
384561231
4026984854
1614556935
6811995937
310636427
1498072319
1524949994
1711549434
46305654
1402531045
5595203870
1546792102
2076224956
1641861440
6326994672
7344000806
1143182374
212129154
522443784
1970640763
654351223
8595734539
2925097048
552245676
2516103129
3401704753
7602977889
253526993
1450618281
3005724792
5543553406
3529864442
36734654
38939389
1800589673
1545111691
1593303341
1965250665
266012457
1514531682
335633145
1527780149
3549352349
1333146762
1568557165
2052278015
598753131
6063831823
181980062
1829305603
4153498958
6441003385
1491892337
2224389298
1193515884
4164289578
6656331942
4309640184
2137910286
4304873813
2114133330
1575020910
2671074610
793710443
4271876087
1483910552
494406832
2964670162
2999414570
4518896451
4344091344
495918443
187635519
5471414305
2314053784
6582269109
1370958117
3713637561
4668060766
2737768625
1160965264
1750772674
1360733354
3414236019
4175382871
5673162976
5787887071
2037128796
1069388233
7482378682
1817450361
6761621341
376825474
1345067779
1150626901
2159827573
1909039137
5349941060
590220836
613799282
1476059446
1499370446
1361443449
2256992659
1396638880
1532314209
1385483077
4950305276
2019163437
202115292
2043906793
2018447044
1547931554
3309374592
4551686734
271825830
5533598925
1081674301
563876704
331187488
1633684208
1269627471
2136706715
5490159585
4148152472
4111695610
7123608445
373112194
5645066415
5986631963
145369905
4575347474
7799455675
6115377731
1989618302
337112366
3156309231
3625790096
6641330270
1421756201
7633215834
1000403105
3163503908
6683105043
918141116
1539034240
2230875020
338649446
4208650694
3426783769
6591579822
292780546
1667294067
1460946798
222538372
3197227869
6938797174
3668174068
1363414782
246561487
7014464017
998061049
530207454
3236008053
7013906756
1070260517
1813341861
317072463
6442939480
1439522054
942056770
503069463
5753160841
7011498447
1431800804
3659263845
1021944814
369772561
342428318
5922704833
4321026218
654367006
1442684387
1574977397
190544164
6680278221
441033300
5473229441
997319209
1378335319
6466315763
429909655
3980788782
5759664159
493653503
293374579
795175136
2168742628
6760208990
460855934
1988723164
1536746648
5642159058
3295374552
298521637
1473629146
44704127
3193559671
487964990
1543713733
3870110249
338373771
4229586081
7961129773
624935320
1009735696
4214895629
514062845
1510276630
2039808558
257846210
7367764598
4377410884
245777115
465886747
3049365744
1277450678
2961812179
1946427954
40089327
1579306535
1115113213
4217541631
571199209
468191324
1115096199
6645322235
2328279309
1256119407
355682665
525495896
7533489340
639814052
7117904494
1506789346
340561129
1382428500
6858770992
3584099477
6661149904
2316299972
1285536712
3413590099
601451450
728542178
1490891797
340568775
1909259812
245749156
4261930913
3045132112
2012143349
1077667736
289363070
3557340548
464067949
2249527097
2421520169
5634410850
1364496762
222136513
1446581834
2011939422
1441567023
5663834339
1252163884
465829015
1543030543
1940483118
1580868285
2077512498
189369127
2010603292
5340604607
618434499
4875720790
1360788830
1088449301
3313228062
1604715909
7811146148
1506199425
424743509
4638539876
311989099
3678301250
5369959969
248462328
4809202793
2039857610
3073478756
1682813011
3182266187
2292304989
2227397798
1411882780
1528395519
4133304827
4140713133
8122934289
1742473296
5397273614
1282915257
1721440804
8478134699
5806128824
1376504093
1000714683
2118279629
1692443870
2194311603
989658519
3946231653
1958818373
493047569
1721414043
1160743148
298842822
7366786331
971873515
1638442815
365084046
6726929526
4085920069
492062393
1449992162
7148200095
263603211
3403481805
7599133247
1535022282
1025997925
2673181722
1994905473
589750254
288397481
854202909
5792049409
1289160497
2221959880
4367273823
524477269
3188502725
4963021247
4183484498
780351602
1619816202
2728088760
971626090
734450653
2321122190
3052484988
2899166723
53884061
1962649793
7531746534
329747256
453224032
2094472551
1448449788
4159500274
6864635219
7861282995
465780012
595536334
1496799131
479226950
231216588
5752861076
409779753
7892210206
311684368
2279835461
3791511091
342179632
1810226396
7530020426
1998020146
196071727
5587967526
54167828
7320198272
461833356
2210566684
4208137603
1621346749
202461319
6885805306
6261994058
5867772677
909188474
5719238884
1819332441
1981700643
448008930
7367862429
1220326718
666572922
359361624
967825607
1458389498
4641988924
