1968247558
1823737598
1551374937
410428395
385557434
1402718396
1513504683
1572469788
1335434180
2131738959
1721011027
1597852035
604711139
1697516362
5956220812
308128164
420988188
388107996
3595303269
1579244834
1179159957
1550575489
1804179288
5836306406
5560932448
5318486064
818943213
497595325
828550658
530043599
1593057297
5543944487
3278866384
644869899
1772232776
2909440879
787096329
482222861
641397372
1205560539
998093466
1518837704
1248163092
743230614
3888806971
1459741469
1556811738
449900980
1954565212
6273904141
1041450912
5857705930
503813505
2147539357
237916095
1169924568
175583424
1710061604
636201258
883310687
4654955767
346034810
571581485
2331049614
3203762821
1463615219
401622954
356068605
826211112
1232941162
5510762739
1654099710
1271933582
1495141361
391312138
4975591277
858222655
703350310
2930928516
266525276
1704806000
1313089650
581478531
551061286
4356991792
309355604
1695716893
6143784770
1621704990
1137069673
1102822942
725550203
4285870974
1683131084
177335981
305936211
5389062679
2856079873
392624128
1942315058
275567944
4366253462
1577015752
387589918
376180033
3481102117
1591844514
1149962679
572801918
1578783424
511819319
1904501018
2138647874
4321421134
492830391
4288611174
1153973358
2277959688
350891253
1193436887
3429092992
1916067602
1303705661
3076105643
293232164
4688578917
297439896
375837664
5764867225
4641643659
3170979942
496061964
408531617
249465567
616323504
1631003417
1531552842
327973580
6874627548
2271212847
1420899862
1544876861
307665030
598282803
1615759211
293952769
2008590123
868313332
3584797987
787937944
1550492067
388798212
1310329130
411631858
810747828
5470211595
5745088731
4170212069
5804171934
203073925
1938053138
536596890
1530241416
4875870741
1410252615
1541784288
1276219531
1429089367
5478652558
3087150984
468012640
4896716360
2056350784
1631158101
174126675
833038007
1809462392
2297236165
28695866
253691642
2263040028
282740907
1160823929
1512236086
2997596001
2019345234
745913820
385614857
1722024447
4867746076
1527776486
713600592
261887260
271516867
400647547
4540033793
520807272
4054675358
1642538634
1498699570
4867481805
1422763636
284320744
340866883
5563162832
201680694
1298893313
1690661817
1250739266
1822403204
6199792680
380529326
6036184842
2149947586
2049321976
489782448
2262795479
2815409566
546095152
538343327
813959918
1318459918
1664739345
2175776763
1465693872
3084489303
2286514337
3071246183
641815418
534653458
1322110354
1796197383
4238777340
2378612163
449371970
543548302
1421154078
211764573
276123768
603902425
1917950492
5383745452
315152252
428163688
5520565594
2275795198
538773082
7363241566
601138270
211289920
456316592
3468366873
5519838027
342866279
1009800008
1806882345
477920833
1725102
1911772709
336171779
4084990024
4813040989
488794502
3052045956
400690756
188516994
2104222616
2109468797
4185259472
1825624963
321703706
666435229
4185203551
372840166
2306822660
420655808
53550843
174273375
4811965469
874410528
2004009463
5372838554
3526833343
277876142
370324126
1678463517
1729505959
495622257
2256512467
4041258280
17057800
55466920
643174771
688749991
1704495567
555906929
2244903341
1465024323
5816432017
244130510
4096169154
306844446
255584502
829329731
4209540145
2962322268
53026654
1928960049
1511603080
839133742
1082008515
2001044145
1474962945
295596540
626117503
33217180
1469443861
973374599
6353426993
1299599408
5949202154
1022414555
365679628
200266791
297367941
1480157859
2630333511
322348757
1299597207
873229832
594114241
975181335
667307883
1613946258
1662615772
3601898856
3254512324
4626515790
207170353
1186722727
306754458
3261251048
2070349895
3619085876
205245319
1721042814
5467441292
272592067
4336189695
41044569
1428778317
248141414
234342169
1327117487
813087229
804336095
3484516
4265708716
2802643089
525265062
1146351755
757191061
383555068
3236251810
197247082
3649054423
1609919012
531911793
1764761972
1506364004
304358988
1233882782
378574453
395277886
228742524
5941532298
5980510210
49539373
296219331
1621738015
1141026717
1686271121
210252577
1153555689
5412525621
1066377281
2301178701
270767807
849564951
2301141256
576547402
3083650112
3405655956
257750364
422031311
1541182495
1378124429
3230309070
1932067621
382859821
1708082976
5532083590
575071240
2489366033
1189614384
576903962
1477580299
3946585168
498792951
1958224261
1544297
2095704040
1590708165
310101172
1961791897
26382629
2100690820
649478099
3030444665
6691924
174550786
1146891525
550511946
2207740738
1463896570
1567543164
345853514
1497712043
2199579306
290611003
247157937
1016645030
6266625572
597214692
2928656270
38393983
297633961
2916011160
1807010145
1424612298
5862270535
1708437671
1387065436
1801085322
281449956
440512333
1303956332
3047976495
1355668845
3166670875
207136302
214100515
273580109
3433431681
387743405
1399147495
2190454580
7183341417
936195827
4741187389
1981047862
4261870396
367630134
3409491189
3648151068
1164167706
507186098
576360568
202422241
470341139
1107763070
531762127
934433080
3188080693
1632344043
3278375909
525041674
5965358638
369809241
539352383
4075907995
2408224536
298350040
1674536690
479301137
270333016
445851752
1052850521
2092713514
5608452943
467827067
492208101
1438163925
288680944
20085799
361031590
291005264
1481030579
1492660816
1493193805
329990753
1132212072
1055008228
1400762913
344765126
213436657
1694037517
1117962097
216480969
6242804770
1803833831
5706528722
629171093
4281305869
342417269
2125717766
2082456625
977505156
243785705
7309467229
2122975409
1176610549
387570949
1427677953
2213692309
193635422
567817361
287069482
493769501
878102790
390099595
3035871494
4124754103
983373838
2256505590
3131808114
262550513
1488216180
372307815
559160940
1655491580
1106858755
296962757
3425955314
861375254
3935337021
1361419696
1708436108
911551539
234921132
4815654065
533621495
1974821282
723549960
1969793670
358127127
2315538952
1193833057
1616802357
228301032
971386140
461021481
304154599
1578429883
3217538557
477765050
5494212978
5776760104
212865097
4843678352
644573490
3015883061
1689337773
2595100616
2255029856
3185347874
45281114
3533743894
5400904635
2957382692
260664591
2244108102
422124823
7227415519
1053836141
892142375
2982334617
5747603069
1538030391
1392909430
1390917924
1577395096
4118379487
6176108801
207191004
1385482972
3969628869
1418681540
3996255750
1534505522
44704127
5539765317
348262253
1291883058
1693256074
3231363503
458566636
880106906
1463205353
398408215
290420141
2318959168
3312541512
1479358130
2116377305
1604921635
3163290505
610705426
2019277450
599170003
613383495
6973487361
1094021839
967155960
3593616941
7765520449
4777951768
1967641505
1161294495
37897744
1969441323
2200529440
482390346
1081465811
4480362196
1457183252
267780364
2059301608
2518769671
3555641119
1296910523
38939389
4031941649
975045112
1397842904
1633878866
1524025689
388866819
7630436643
1441571571
18831125
3290662371
1068214659
3227672903
376032923
1513890850
333085545
1469566917
104952439
4319880904
6622227168
424558236
864788986
3525751955
1187684322
6354098578
632004136
4196608035
633669400
1968049719
336146919
1353568367
491572202
331374206
254195066
1690550825
1258890660
1551558438
1456063025
1554663746
1725576696
2204669576
2049120366
366465249
1913496727
7543487247
376090745
208426218
1130422475
5714538929
3463760030
5354592547
1361159024
1301905345
4270845764
1615683309
3055316075
292989423
1102624952
6979544040
5489459743
429617688
2109783434
4314891469
2314728439
1149458903
2050425106
4414048378
1565207494
2427314879
1791282334
1131234349
2939137054
532893827
328461077
309291710
342846697
616045568
350883985
2089009981
292852121
5512963473
1393656301
6273834165
296846862
345552286
6060532817
3020730257
2053104628
1241632463
5812205133
3562002744
6162105741
3939293593
2544550762
2264095442
264545506
414863401
354266553
2555948329
1264172835
421132783
1656331528
1579445496
5395528340
1701137306
2083627598
786168070
2213089009
3237531377
5110080889
1542264576
2274380440
3118110759
866012399
985664070
647520962
2176586031
4141923304
480427662
5329094571
5388974044
2052779370
3580321286
1508592691
1590352742
943053040
6082349587
1991535356
4291277433
821082667
400468226
625783418
1505729174
7150604919
693303439
809833695
3597142374
5519932273
541085960
203348830
3693303504
1470653488
5408848092
1115888373
1555297159
1542827121
648870125
1509302832
5414419741
2234022157
611772621
313838677
5445663001
218378756
1771646427
509341845
1597619964
297409447
6609214370
1290460507
1365540635
1434279410
2194083517
7077749289
1520897002
4461101489
7633124488
1406340757
4198233764
550638540
1487687223
895101511
428285907
2109344343
3558526989
1474239813
1396037586
1033818643
373831838
1906039653
47877950
1121333111
2976283734
322393497
3429692141
1381663859
4223343670
4486819325
266520166
1621324146
2362023912
379988356
625871645
863035657
7416963981
5789370225
521704638
3237024044
482681849
686667415
502776754
329694334
2312854555
371502968
3149759792
6310434895
998449852
555851661
2365796281
4495839956
1498755385
2206620387
414995436
1350744878
301434944
1633024825
3835977905
2138675046
4019889525
512211175
1029588997
368938576
145269759
403613979
448805502
36161720
180947030
3237231419
494473797
256597790
1383788732
4689491893
3646769523
234236855
285997665
3407080807
358523251
175360952
302300125
214238597
373252209
1046356450
487692859
263119549
4072657609
317097017
1287336011
527454450
422106493
272433861
42277739
1275514783
3028289719
478201884
634857745
1697227583
1517533181
1588495360
1591637845
2135517827
623736871
693072205
5701372752
302280125
4956303617
3409337539
44435152
1590449888
50542485
1396393360
1210346446
1609646374
704823852
308907117
491529463
663717549
1930438731
502900052
492989631
226190192
1291022067
3258906520
202808999
349852914
32397786
252658030
330747597
223665434
686987756
176841169
1903727021
387252096
430076400
1337789058
263133341
4966254751
210917403
2029926875
213216531
29145281
364929792
359953482
416379435
271051842
304995918
1566160156
3600205933
259067377
2221214093
481749785
522602578
321772150
1282228065
192444301
1433104125
266234879
282340157
2228542028
193620610
240688968
1154393172
335827283
2099444562
239899057
346171619
5614272228
364981626
4854595737
2239053795
199379532
266558833
461653466
516256417
252272912
521333401
617486143
475463268
33446116
274218816
306995745
1466781942
302914679
6975846485
403664402
230205230
1697293077
43387550
2247240162
1043161179
850237969
2359145295
2340046600
1549529543
702841154
410948207
7735758792
1359637823
415910016
2070937090
922723940
327165628
143760446
271701611
410910776
203832679
1526622840
1282050049
258948720
488238605
510169284
835341601
1472005261
379733123
267840250
891781926
2611351110
56064679
462889936
341457940
360073925
223401959
457817760
181069938
265484998
307149739
283119113
4154574585
365590529
3231617907
22084507
405649464
1600580252
1168801236
357470675
182327869
5319411081
454030579
436171417
994061601
335568139
245712674
384855289
245234566
484951386
338628907
1357524130
1151089190
367382829
936337184
375025808
1632922573
355124028
1426913411
192280081
51649623
1431979404
273711281
287514259
337114977
295177932
1367982251
582524075
2533238184
1729607340
203579220
389761111
37863976
5646999373
12139968
383571012
306178655
337534592
289928938
559051712
1535854858
5581926458
184498772
1609662617
449678990
272759667
6152402799
500000847
272419138
199375802
519088435
2885636238
5426456361
847783392
264795990
723614466
193048782
1338497874
223288765
236683004
2071467344
536502996
1901245204
1542119512
3582820034
1042486438
245284557
1510468587
1986612715
4159134824
1906867911
268903939
522723518
4666215897
313106394
197450743
216432081
1292539123
205897330
2270399669
245641283
285926800
537645624
388969492
2039249638
2895050157
372170147
1123843991
298011965
422935531
212108290
22172334
7111855783
1124015092
313705197
410713155
3269717895
266528419
1478321738
207619142
1387094827
1216107790
2093551074
4028288426
368672007
510976919
1498707294
512992679
6949980692
522601084
823577639
1316250125
1453647266
500604204
4075890093
524892947
3713955051
382784068
2107680699
5923961293
7159223999
6655031383
607090868
1594965759
2199169997
1514072705
5578658815
425154769
1614546269
1917964490
294154450
330165574
1519167338
1561461727
968071378
3033690447
6972010927
4025923212
1606499831
380462821
1506428192
1317826710
5693823694
359445138
1407368249
4682439
2459846415
3909121361
821360745
1140475576
1099692569
1295006359
1734411264
521291694
1066040349
1538064533
434943352
387137381
5762826825
626883108
694565740
2362979509
379356217
310869869
2070820568
6935997518
6909614264
1348159320
6188720739
630199309
396934109
5464491758
1336934589
2273861941
1203268272
6411388600
6139895495
541767440
4026588742
5749769022
1604825229
2055460867
3219094928
4997128167
238597747
1473309847
5008496
191594365
3786126236
627841133
6846808022
6079619084
2075761641
4652098125
1725701943
369905514
1461405701
4482289691
7050569716
1420847179
2341018539
4210476285
1553243546
1826713837
7014589595
1483614185
345498594
1552208857
564315686
1675613407
2528811626
1376034915
6941630538
1111814012
2628234851
277131589
4268261377
1091761592
575885889
213692003
2094216886
1977334251
225125274
889977461
6900495645
580044447
1402592837
5750057097
612805270
8104070473
1930024170
863487175
1298918481
620669809
828836632
184243086
5829470804
1414198881
1504262149
5754543724
2272474431
1220102899
1591102361
1799751191
1155676605
5016981463
1098815604
2011288275
4029317818
416015797
670260738
5647226977
2088461062
1968011296
439082978
449115423
4123623875
2015152292
1488874142
4558047210
348571760
1285623638
382901377
5920106416
7074832240
3460108066
2231219068
485687985
1138253826
2125765090
4367335814
3023467474
531856311
493454377
522028519
5054756523
1617434431
202298327
6152214755
46660561
6805482877
3039605718
195745253
2079737001
2167555324
342016355
1549900905
6467220091
4679627859
1700343263
2201310702
1395031883
3233748343
1071237274
3251232645
215560917
1311840333
2951803004
2191983851
2240595640
6637028612
518172754
1944989876
986959243
1433257757
3619934828
1544288749
321512389
1179163846
490384005
1340695814
1066717658
417940267
281096169
2199795482
253129315
439009472
255862998
364401027
592539721
691209211
747492427
2182353243
1572555381
1556752181
1323862277
742470494
1964549520
259835265
1364528711
4015201383
1265041892
474402857
900067683
862549699
506574561
2122341348
516711050
3666263817
4278162596
2929431599
3490435785
6834475382
626079218
358712896
743391547
649911154
801830223
256680548
175083838
309325199
995183271
3473828336
211669328
7054446530
6252311182
2825242365
7596339782
1713867574
2217536565
2134146235
287778451
376581335
2249289728
1519420016
496384060
6479437666
1400688691
325766145
41463670
1115459812
696406350
5437003245
3526888071
329123369
2350341624
1582900101
1458327505
3088581639
5726000550
1689656293
7022966322
350108058
497811764
1910624156
232387896
255111014
7617222419
1432003816
1396645345
990531112
1101077377
1409968122
5944598862
634737537
6696400893
520503535
205825417
447721957
1611530205
229497860
1211729015
1365615342
3002854009
6928821546
3416982810
2227330194
42103527
2076684223
1471709781
825169098
501783387
1364531811
4376047154
5531947504
2105339349
5870295011
229532175
1508205265
269548761
1227501066
1647682785
557221577
1697159073
1731671879
415082664
343024388
554263999
1608933904
3937008623
1392336673
4003963554
6942700689
3643946549
640123453
1502023507
4204928824
1635358427
6927277728
6157636747
914936036
1298487095
5511797776
1153450818
439098662
547452408
3715116472
1697982119
565514857
1931880805
6858050673
3629799217
454706404
4209906157
1246515808
291393649
1468102361
1952546375
7739825801
5560128594
2211577625
471312428
485446911
2553906904
303616726
1439387545
2333133890
7173330499
6196566848
177357829
6676689853
486589448
880791093
5860508979
5596203985
1406411727
422645204
1671638290
1289127069
1555698239
6838634312
2071212941
1637146406
250580527
291144838
6913141585
1492156477
440012581
5873430838
3282635790
2078082501
1447661317
2272787883
1104832659
189614223
424961063
4822507199
4294756722
1214276177
1784768697
1456869262
585727720
2322617029
4988021207
524129648
485169617
1021732859
255876466
7117132976
542812782
6200945914
359355511
527189113
6051940445
4654229091
1457844533
2984764427
1328772481
1363182367
1987867139
2039412950
2990957044
508506311
398380692
1475984407
4165426257
366745069
967441498
357622701
6334092390
982316494
471763170
1422336818
1638279091
603141538
1134090947
784905805
202459826
3233065103
256580052
3571841507
1525178643
3608506276
1313991312
828888020
369019046
4513132359
709822354
1502258971
3266898777
4740911731
3242066907
6165152441
410524407
379799583
4845857722
402362906
2047296160
456765202
5699570641
327635852
1505762782
836826798
7148942060
2296711082
1140991633
52050011
5416482253
2292082368
327314117
1693491814
5386652318
5945235753
1742228402
516202557
1742142657
213048420
1451785811
6369830908
670268735
674375562
231718627
4520940935
352723390
3135253508
3139024653
1530137701
2347483224
1906132519
1253837729
331771225
2057311497
1256909081
4897499461
1241344303
21757225
35047344
1487535549
367062837
233696267
7165804926
461173349
6760739841
1621471793
1647623639
2195432810
367916312
1011019097
3323962911
3441035212
1457793522
440013946
525327234
2262287436
5019647852
1421271956
6650335461
1700949197
1553532537
1412127249
321269305
341891555
998796297
1692342976
245906032
997852611
389518154
359411529
4110341576
1082460246
230876408
1559360125
1357454834
7515640365
2305982534
2308033761
703127924
853088261
1809215622
6539878822
618768988
310685458
1160056146
1415991595
428531032
636789766
392811284
1476874443
1989618302
1521377831
275187218
779807272
1838201871
2177554613
303366412
450885002
1601901589
441019103
5627008683
1512491797
1734838946
7356803273
5371070335
1533387219
2928559878
3079443772
3415485549
1634038623
709570242
270631423
1059606054
3206511301
7044862853
1700399994
1293508751
3664365600
1942991388
1069912250
2245614936
1411219538
1393535590
388692879
27018398
3669370806
3663710493
259182971
5579398668
610449788
2244008322
2165867712
2135937516
2460152478
1503171471
716688722
7025157164
215644828
1800156679
1514626940
2058270260
1920525983
4138129951
850463564
2097324251
607454987
980871276
2352911258
244859932
1469682760
4267603991
479320310
1629591816
2080178793
5595716058
1700710380
3156979227
5979998922
5563952305
7893562269
1006788218
420569112
1698366076
1643132372
1477387055
315747376
2485143074
2037835291
1343573534
7455105693
5714058065
964402424
4087032225
4473316274
463894706
1689847034
1232174962
1819271897
175295804
1157879015
515698130
422643081
3248629395
233099307
5676989878
7662989350
7538497719
1572676580
5668634787
1202841509
3672404022
2583636824
638411909
1241718265
374970165
2271974805
288369993
348523126
1438495489
2303459093
1457259031
1547049179
2298502515
216499667
479617268
817994904
1906914087
649501836
1549933626
834589232
1607062177
234473876
1672442564
892298926
1680204521
387613060
1247001364
1636474925
2005307668
530622778
1516194005
1018593584
2710089415
1216446350
416740210
629554414
6193521677
2172920812
5027830151
607790396
1947523614
838951762
792741932
5619738830
3564613061
4362578226
233592936
238943755
3582767054
551171135
367188377
7035245814
3983410751
1444932388
5957433668
3247639187
299408124
1928581984
207797747
7882377930
2237412864
401446954
1465900834
656631433
1576745521
5503400541
214257391
297170288
2231443659
305563504
1350453073
244061690
3644200293
1208549294
3630147176
540203557
2182611139
4012151406
2329082543
6991989934
2001767739
6913356561
4171962025
1153768446
624418018
536527239
1446722669
1915233665
1723538337
995469288
262897853
3957456963
2033670734
340043752
1714764563
1513953877
1057172072
2257107824
1571545037
3231022010
4179833025
475078661
3018652679
3115953881
2013169065
3181246926
7359791627
1187105952
1429834091
277846069
3895680072
1536466542
341918312
6679344407
466555721
2000133530
1114936240
7109830737
1997748940
1917129624
2288718147
4605394204
2119885007
6769855533
317243048
1611572888
249275827
6739078134
52550460
5075534553
1147256221
5789771979
591879730
1770701061
1969202514
2068137296
2017473850
6261317195
5753763217
7275962586
6885179945
222758978
256097630
1400406708
1487382006
891856242
298052551
330557586
7077929512
1270186700
255883263
5677435234
1213605660
1371495346
6782320146
1690715173
1432327720
2081008681
1371545504
548075557
706459678
241967957
989650415
1723269628
1206387803
511933089
3242562163
493317213
3545344975
2088072313
1384023595
962619
3288647446
1610917014
1758765900
7207562167
2173631538
1245926154
445675477
513717136
235576147
1283458749
322769851
556085131
7710543526
1602750477
525885655
342311136
1211579548
3678830606
613942221
3560730482
302548204
30736403
497769623
2156292324
847546056
557368945
801580171
1358885538
180532161
2961275194
1310477186
338705016
500226974
218525981
274815155
3309383485
1368705825
778613349
555160937
1226052657
1474212690
4979694123
538277684
571448114
550610315
234700689
645833181
464424172
3431474928
211486543
320492161
1647494307
2260605250
5562825958
290410392
1032323074
301787840
176897271
1500105467
4861772009
2033093098
377175010
987002740
3047840074
323274259
268147598
6490042459
945272686
6693422322
351058698
274858458
604874484
3272680451
257650353
2083638484
1246241915
946871192
2463650633
6628685892
3160199811
553345344
2059727842
281369702
1448833119
538184076
5624931654
1499908074
259171478
1500203693
2132088978
4029297810
1650835369
1748881166
2542491302
6570346087
1417931114
4823644007
295951128
421665218
3509669123
1986501162
1531892668
3239578630
188296490
2221771552
639340388
1428021735
6067442488
1700356576
2004179508
2945401312
4255699739
6772960288
1096705809
1619757802
399609981
568275948
317555791
254101934
195029330
567990753
1478068761
229539984
5983052120
6062380696
1712732254
426693886
651205938
6344641504
3435592990
203950391
358121269
4709340307
2243069636
571811525
567138734
8158715807
1699829078
599358487
459967493
1685828338
1558952409
1504642555
6951739299
250162327
544742462
1106882016
2940287046
1693031727
255040255
942412141
1552487268
2979858812
2037101677
1445462947
467869150
4855384220
1548139901
310160267
1437498522
652085453
1749051851
611089567
481572406
1567540578
1324390782
1952641018
6900748553
4216398018
2044078043
254531947
3930941605
4074338323
4112626155
479111516
5679850577
1786467001
1433268589
1580127891
1369166577
1660154074
4149574692
6678123018
398004685
1977703494
231464727
7220082213
4685932418
3533850087
6743715217
371909295
5810724440
5740161984
1976205398
5863310384
1178001395
2189619623
2208610147
3034097388
1539951218
2267270705
645110777
400506017
8161724579
5899189725
1729143145
2180707911
4008969369
543405584
5935641351
6460052581
3027938733
5931039363
1454121742
3261036592
1544323442
7134983675
987108767
1205718359
249609661
2343975136
1825607627
3169559803
1542080770
648611801
1105407428
1285615839
4317982409
2333074946
2322718528
3518763196
1098840721
2178026606
4101802503
514540717
496098489
326441028
3625324086
1911209789
4448803345
485893527
5574557819
1977517508
2878300173
441025796
1071262976
311078172
618697579
262120348
4591868294
509419237
404788633
253321361
7243992012
5740736176
2254443811
898137227
392565815
7441903426
4152672817
1546457602
1275109948
1547181656
383111421
844351946
4751348996
1432102418
1241192590
2031841726
515948653
2113487117
1441703317
4099306957
207221796
1756555382
1393948986
1733446444
3292266904
1811054984
292579895
1678224113
1982963329
8332123643
3009682377
1642037016
193027885
2310688457
1119159897
1413338330
1646653179
313412572
1930524054
359198058
1506836520
1711111294
634506391
297576860
326394770
8236349498
1648627469
1346596406
1256978306
2151079605
5379642761
8438268528
1621616713
571288441
1418542601
5959014795
5481762670
352458872
3040075397
2102327019
1196952804
7711070994
1436081619
1462420016
5041800420
341294493
661862904
39712036
2218776047
1008156875
1040967085
3710187592
1600311709
5757654035
1099001173
643301668
190346132
1699977646
54572928
1916871431
646461630
1485825134
3295699005
1618486092
1625817350
1295514593
313032229
705356928
2118900682
1751037066
5407484547
4341035189
271986689
1256260802
2909255694
179915980
409147897
7225285667
294458974
1498739003
2068957098
2302522267
228584831
1285702288
4103615361
1021794224
482635009
1122947821
2020888252
7232674078
271691926
7990638907
8522471188
1394301494
663748407
2174612106
378665131
200893282
4335480074
243037944
1095788261
2223293341
331744240
7908574982
1961022680
4245165144
7287540768
713433637
1669532770
5556492021
431123038
248333357
1318416445
2216897795
207460423
6732616527
325264564
1474860915
455489765
5586912098
7979108692
1966964263
1163826285
1074610994
1468033996
5765590536
7023519558
299488688
7309535607
4096279996
2037293235
3745881481
3015034331
1547740709
2127322705
3672426932
6845324468
6871271036
1461956910
7203307637
3205424589
2481772452
376015101
1650242363
589908762
3650167192
7190377100
1289936687
282122627
8237179813
452169223
1009136663
4327667924
259329373
3117512394
1283881755
424914187
1188036869
8096020866
7782999968
1022483082
7508710956
418583042
2255762244
1379836879
5532541052
224320899
935032270
1412360543
2107933635
6869225379
1679041633
1800521228
282918976
1787835721
1520350074
1147304324
3129302874
5318688950
923116016
2031368416
1444218642
2205453893
2114481089
631256179
1422639762
4519792906
8230403199
962377856
437139185
1796361596
206908004
1162972053
1474446477
1074105959
1163381291
2979730650
2178808419
3319405986
1108344722
180677794
6439980915
1395557897
440864762
672359991
7947088130
476537809
7211885602
2060215514
2105465982
7922279505
1762799999
4289667652
409952649
4040047769
4772517062
3039342563
1535946998
685012196
5981568578
723814499
6905022500
582308028
1553982775
331284985
756409938
492102449
8268522457
5329714884
5743624621
4522914165
4259919845
8886164466
4092852281
486724133
396948496
475024605
608475328
2135090106
5876162781
1446650847
3578992593
4783741833
1785610730
1181024191
1766934607
1548175569
1589212684
462136534
270051304
2300937958
752201863
1063556339
1396665253
2979240805
1580417621
1596212782
4063298344
528192073
1251457528
8142809505
1511117983
564381749
5681304476
1063544675
683257071
1909725959
490759105
1720413534
5748907420
417628536
8474834725
199517090
988874312
1653139617
563853626
1836589487
4177887842
581065103
1520355251
8223116249
2071178521
1150978938
4331997223
1418964862
2128838222
4800050354
1825404094
6286178637
616085350
519657328
5544385340
542781459
6313970911
394242522
3506949547
1619689865
228285061
1711240979
1600533435
1801154971
3415245153
1494321087
2113283964
2127891238
5592449743
190695210
285860702
1024002980
2978017714
8257373476
8033711632
3139685711
2043849932
29175510
204915667
1664580593
5095263227
3637375755
7997337649
8288597030
251853982
6398954868
1725805716
4665436551
350858212
302305910
1482745601
4868099984
460121281
3458256678
7032811356
1187131372
368976395
8197487801
367775528
4046828103
5607876276
2439203600
7783724337
1487457671
3256772619
752247154
331952446
8116843792
2494000847
4884939084
7434937229
1606252977
1597553639
1786277641
494893852
472448173
4107634604
3633829311
328434381
1422666279
250995948
1769908150
7332332529
1640468143
1416093905
2125728887
1987173359
1397777792
1482104156
6430539862
414856405
412343921
1519255290
553408706
1440754388
7286211334
2283505253
1272798911
7533905078
8335840937
2818900885
6875426988
5710863833
201774970
6874952003
3505226138
1694542600
3228379761
1433122982
509803758
2984613176
1743961239
5641705727
5905749421
6191094752
327716800
2461172503
4058822609
465843544
4912722726
1475409593
1580374111
5773881616
799526650
7860765083
283684753
1304561340
1700742418
6165447644
3004403589
2005207183
7351630311
1688306713
2172975658
713362294
1516076292
4956069540
2013955012
313870538
1187554297
1415634560
1580384803
326671723
4348544257
3264535776
256871626
4758496779
822817235
5560355191
3981196754
4495395955
1443040039
1941697423
3596039243
221809300
5355976962
35123451
2123667619
754663333
1675505832
1382057057
1583895948
2235634291
897754625
3962022545
1074617318
407957552
173542792
1097296949
3692432490
3308271029
4026865531
658303352
4496062109
1087325007
1137124459
3433719100
263525036
490584970
1960610550
1283433686
1513915164
1625688609
791679246
6351550521
3472998780
2239597534
1207778459
646127187
1041861968
7009070566
1415152469
464245773
2865465253
1579686200
3004758116
6881801285
317751970
3153551729
1743402598
355992863
661698029
1618974105
3468631613
305117039
8217251353
463719358
881255523
6741152208
4247600611
43878931
2653624636
29783839
3269763760
2064057698
3414711370
1276281119
1185203622
609484804
4986261041
2197651544
1010523182
489609275
292870124
2463237004
8126314198
3064889912
7275693368
1660895375
3036416946
377591392
686584124
1005136203
1254108553
557636740
1564630907
790578417
6108542577
4935867768
258265153
4212655310
888170594
831464041
1113529164
367980589
2115283770
1950074675
7473759815
1435577448
7148765022
574834014
6488185184
35782399
1178164361
3563560887
8031269354
2309450467
282968090
483171993
3409905730
2036584621
2373804268
6858407137
1208461036
6260772793
1353189951
1663228092
7028032457
2291179907
4246198952
768573445
1693297070
4984627061
443946497
347639406
1118761377
275752591
409470392
209721458
536516640
1928132774
287050105
1657732308
5450728286
3675179441
2098683668
1372717440
436349081
569935328
897923512
1070318068
1519077485
1416686670
220306046
8401927836
181133232
7374228095
23952746
1428158790
1102459077
208022420
2698483555
1024679142
375697490
655073748
3531444316
318870425
393468094
4340267489
369831481
416971486
3579849714
1432296619
8057284453
2367515530
5560418387
4313869008
267694734
376194837
2257009680
5865091185
1032717301
1123012680
1204784899
421451264
1755715757
1514906943
275813173
1933511809
288362844
1452946463
6115314283
1231505922
1588847463
8422357083
2237801894
748226500
356580926
6142428249
1090331551
7935855683
3016185083
2236928414
5431637293
592141155
182278435
668281132
2304509920
3563791496
294857722
960152201
1599879471
1228707021
375842027
4488617334
354403980
1806692902
6538336356
1500139930
2275217491
1096144977
2945118679
1295292096
1654093749
613827668
598070209
1586455307
1992035812
1911120323
7081817976
435475395
7151626425
1575230020
1429766403
4109473328
5894619552
6228359718
6945114635
1349807693
1390737210
2552831759
1611514442
1598624675
1073163469
5701887500
656073934
734804067
282846602
808244150
4538801749
6519438465
2283536516
619343978
1564717160
7687531830
642776170
637963066
1361077937
673636466
5392009759
1370989723
7707597164
2032048541
562702415
4136470183
6725375909
2018624091
455714286
3441281282
758832558
1536854837
2362760134
3966080085
5921340983
5778637355
4781086638
5925088363
456485364
1421628565
7279878120
294041251
6685435213
5350181607
4206655637
2235104496
6371540380
647665450
1604266572
4687551169
8284138943
2158458466
5059730639
406387621
329128979
326655703
1414386589
1426852863
6773225711
799473179
7488616739
317380709
1395395465
414740418
5849021868
1464826739
337216379
7160518722
415227828
1604110982
356758212
196786357
8508789826
5350563601
2955170381
1575253545
7450065360
1759714984
1520281842
3100738823
3240509768
1524900669
1423129933
1684082453
705439166
3462604629
1450746772
417125172
6817468111
5686583368
198148369
1830617608
2218327344
1583290716
4029999127
1353077559
435448247
1137832185
402196789
6624372254
1521002125
937429883
683930998
1274124877
277864396
905610063
2344137933
644415082
1440425545
3664010105
4484098108
1717184543
350893114
4975603386
1668796255
905113019
3204524555
3502990708
3227866185
465465564
1667119264
2176578668
1970557628
2979097831
395708409
202083696
702416217
5784657701
7272703544
4281144432
4454771755
3912515642
291241493
1231899927
4634295007
2534659742
1458318176
4340460410
8027673409
1544448266
2368670576
1493620041
1652320008
1383659353
51805952
1559510850
1536792091
7239155029
1967230351
7567556737
4221120091
1439998650
210010751
224341281
463090903
430004317
215998544
2281570606
1318002947
3502506490
5830587988
627824966
1664917484
565901591
1388278388
4163356610
1359997217
2047713002
333733728
717666665
3985104534
1817617429
5395821707
1149228195
4207031122
1194152290
8406455458
1339350602
1178382988
3684117692
544687886
1555530335
501709857
349009473
3070707191
1434550801
1160076649
4769492464
1414366676
1592841682
5945863909
3305041531
601530866
1089939604
2262049472
1627763485
458725777
2321764075
1651277548
7280042
2024188944
1906641568
547928863
6425758910
7703064290
891128346
754880965
7426821007
7412894903
1303790208
2116628531
2118433897
6089083096
1526730058
4162568272
1571575636
177281060
3462425857
218574053
2166563551
529014332
1324224660
5760056245
4626920257
307597773
5997877893
374817320
444677239
3298673990
5574118183
7664849409
663157497
3732873006
7271790019
1267711424
7105658256
6885146016
8406397515
6290752009
692127277
535139520
2224977948
3017265450
5723536371
1445109684
1419334315
6067445146
5610578727
3108986039
2224300576
2034644004
1041019083
965241748
4536615453
3117812519
1383995807
336245930
1941260520
1394926843
4293505008
1616152749
219671927
4126156937
2963520501
6171654714
360079474
881404724
516013504
7998830943
1297357945
2236932580
2000542566
241991896
1366967167
3253928677
4576177046
5378548002
5999283132
8423511483
493438957
413159843
1730575887
6235795520
3672455286
1936540434
2244335103
2131972120
4685900363
1977135179
1529266671
179920035
393019277
583598637
6794320563
145487634
7658523573
5691184413
283264759
7694002043
231506576
472775541
2144325983
384856108
1588951520
2251482245
1543988136
3894853271
193974522
3468062110
1146751165
500543017
1952806770
2854321169
1376098188
752490388
1013473781
5825222697
1466700654
8310357066
5723822113
6121523611
1494820245
3672218278
1501071479
271414887
1927047488
297134332
5630226501
6200357389
911088326
756175351
1826929169
280998092
5726093788
7192301690
506741577
1905408531
3295530684
2369613240
6289910461
301807916
1696088863
2272234582
830449754
1350248199
1427723607
2049535183
695432075
1935727772
184538654
6221454601
4346864249
2205253791
699648412
4757822627
620632224
264572037
538320631
1243324077
183696842
261089466
1532483284
4235162756
1649909738
1483643235
1002391658
3947977370
7355409813
1570102144
1837665478
3449844439
5370369091
633612757
4568938002
327914727
1672489554
3645993549
197134957
316595099
5931018837
1125468347
1783126870
8541847113
4136708423
4544396062
1464991900
462586373
6858054349
2211669227
11082309
3248833273
524060133
1547188346
3277499491
2055239066
1136467999
348871167
375019071
284925900
2697993705
515221873
2166552566
1102383116
2264567890
8444737245
7288554495
1595148857
8243447896
1231835282
523561785
2029690546
1495000142
1054002272
6692544582
178309960
378182160
686844636
1313273717
1579350730
6325659233
29457203
1127691700
6841125050
1456637454
7130138436
865378913
2206518057
4611060986
1234413558
641936507
705601112
263756590
2712416986
665539698
325815381
571755800
1204459132
196949463
446259407
4223918212
7490836628
383074797
467807602
327578017
613204724
2167351249
528293230
341601021
227977244
2008262597
6432688621
3166650447
1449992162
7179738241
3629352330
400567910
6002223167
3415396372
944983467
2021205615
360746333
1321976129
6258764884
6729741933
1054640286
4375560183
375040645
890863709
4471439788
3603916186
1316127966
3018260228
3472117191
1396646979
3128598723
5970745253
871361862
299772823
6354245269
2177513628
3511840180
2112150704
2538782170
317468619
962492441
6379580942
1651990115
1137201319
1625928753
562326166
1639695436
394232417
427819646
1438087819
3414911574
7183169023
1400543851
1338688206
351799124
238798883
471706781
1444679120
871853587
1285172805
392759316
1368071789
295231580
1250750794
3103119101
357202874
2024135405
256131407
1001918590
523726672
1102485034
595975246
3959412559
555012059
264231712
1133058942
174945437
1301068427
1217649067
342450878
1137182701
1281407875
1919411120
314804735
7113630988
647440217
192052804
444112221
224912614
1369805788
2223626002
6718623902
6327501566
596150027
478311248
325458926
4060419879
6158794215
1826870072
352592026
1724299082
4019296278
316536312
3165078970
1180913956
1297298049
3595625799
1601383234
429584755
652015991
2369654075
7929123130
3046877815
7646975870
7778257496
42614702
7046937540
228778705
2554587799
199312072
737379813
449796881
479779927
242811454
327252928
38448377
6797268090
4321658729
491410618
3001885301
1611760426
787215249
1177941731
1452435620
384405910
289677518
206062952
312660002
1638503284
266299666
4903340534
1467905441
5825711990
294038976
55349200
8057378651
7446755197
1443088771
372496957
186031748
1532235870
1541032732
546501779
1020388365
2974627216
1331271498
3936491420
25127604
29407526
1487600500
4485628901
1713749592
1834603875
276411517
334356973
340652564
652148538
6070556768
6865766078
1076406005
1930315835
195405154
351790603
1386696017
1124003709
351786328
1452283996
2262878015
483701587
6349752145
7027687151
6341489919
1462320078
253383057
5921379710
3252412871
3185333763
316266772
225011078
548109074
699348466
3522354936
649348895
2907791037
1169124513
4527087111
2073354513
2005510721
254157731
2272759201
450320908
1506434962
7094621356
3046037813
5645455007
369772561
6556434664
863223575
8318761083
1193518500
5585046507
661447684
764077384
315639400
292180251
3943578165
260166174
7248079925
10399228
1390759806
2077849813
267248708
4544325328
4832740327
709275431
579275093
7805842915
4705356252
1311899135
1467202523
211432135
2696313154
252567708
7070153802
494692367
2105079344
1952863416
1680577528
2996301918
1803115250
196843219
985972814
415943586
1672113606
7071652089
2196507524
235169662
1444950975
5598398410
336870378
8926975
1603148241
1696152442
1802566010
411811930
1701641514
254078577
1171327469
2944058968
841375382
4675386906
5842607365
4887857817
1547886039
241713619
7093961427
390821371
1051161995
505975973
2129330893
242830045
6296391074
46062502
4478217662
2182603099
7595069918
7286856840
1412001264
7036962288
588244325
1923096642
6929262226
1586636457
1948604042
6362349483
6948368918
853101695
866081810
41523228
2002579562
46855317
386214667
5964509441
1827225525
198248221
1365200736
381476985
2190412877
539444184
4259077721
5915853683
1627689100
272880646
2032892637
54608547
1962060560
9805102
104891061
202921587
838078643
1542113151
8034730016
3139029872
2110298051
19786315
431714378
4025437298
5653934466
5881965244
291651671
271045508
362012081
774923329
546210868
1444922945
317190203
199631541
355088853
1517494513
1358784601
4633705076
193987938
182466947
196049876
3087486852
2330642836
365872219
1443658957
362249440
319786699
1560984692
1593687814
7026103524
378953694
287069698
225243193
328879933
4828998836
584876664
254717841
5686294918
3529851486
1520407648
391162468
703590054
5627465582
318969586
905408110
429854698
1446514920
363189474
1667177661
49440988
381555633
515828447
416085880
829001547
2176153712
2536846097
1752528550
1476353512
1109963250
858397580
490963823
3020937823
516881495
6201676550
36782189
7281734717
6136788975
285601683
3676756875
3292117652
350043721
495454733
1116269419
2894218372
1046584590
4106579583
1561806290
1599031555
2235654975
296503340
633486975
1547151285
888773962
468339249
226624223
2016817300
464240499
47037630
181442724
1693695826
40499947
1163880234
4258998856
278510445
1058711638
445931102
1642090689
2243537956
4160597595
6306991795
402505459
6194241018
1547197361
1531587445
4298201691
1170081031
189149719
625253058
801296560
457810036
4976353110
531809351
5851384680
411619746
5706833840
1779037614
5940037249
3627167379
3049365744
2220345061
2117482159
422508887
281004704
810763279
1773990816
1410985680
338701807
1094419732
763206215
478249392
270945759
2072420555
240204180
211377983
685260787
1555700006
321740967
3205953471
8071357261
308580491
3274368358
3434593143
1691591441
214565046
176651715
850361792
212206860
31217514
512166380
3160039894
417193341
7774433753
553954153
643090824
1504632948
175004526
426588351
1159176906
409165006
1923075757
3299143444
5053123737
1829727342
1748959521
1722312745
7301870046
1526234019
496173173
249152220
145140777
784866694
3560752411
3906329304
1604343775
3918174271
52465457
646266854
600333402
7131218559
21606110
318257742
5513711319
3721892634
211052505
8181516072
2192536093
4779156175
1416731035
3284121132
174140562
41747422
833513357
1817313756
801782536
620312930
595946714
576961706
639758914
2820016439
1423667579
2173507002
253304514
324902407
303194509
530213928
1756940978
203877107
493283565
1460729657
1641910496
2194828852
209616568
4313376865
2740395206
1454376606
3435871943
300105520
1254782286
2305706936
1455819464
851711308
477662356
1458455699
175855797
5588139096
1455906303
412321184
2037438717
7525144276
215974696
2138282308
3992800770
1153869236
1401875802
233182932
2303183925
2308458706
4347641475
2419923006
1701581088
182960994
53508593
7933171685
2673531591
3832355657
3656675810
1660958988
512419002
511052925
1812048518
7206833769
397075402
353435886
1101450688
4847501934
1362853130
3082918618
453907062
1649056545
2004433003
263996659
1737300551
550438097
575353419
278027218
5418732344
1655667935
1143399924
2701433596
1395248698
1404167699
424956856
2291057441
1398524468
813668642
4587785341
863469521
1927900671
16079224
839511080
3096756673
3141654426
2911819785
1122673751
240537240
1470684858
3949547004
467215565
1616516476
1642496864
683360973
344221966
2809440098
5484871952
7489672028
4010225120
1002533689
7998730881
210142638
1036597189
5376037325
308822216
4747245219
639603659
5972611940
222193209
375025153
7280697308
1201968857
416983895
5811352262
3593592147
4403368944
2297672822
6853468710
1340856312
5150552
3701972604
1536083547
2003646645
966773678
320009105
5414991776
352311739
679729302
10455972
177994175
7579627586
337965997
351742537
1817456447
2003280007
2223953052
1092820586
966916659
32813724
266984578
54042731
342077127
202438056
1437055704
4947999789
787713300
285029387
967456248
1350306283
261067610
442885368
2245269485
8015795103
220456558
273454091
342391710
1972233988
1999450197
4640739501
3146800703
269946796
4323920896
6245334349
357346904
1623553233
556039716
6276128928
2074129474
26652417
496364008
189277048
214042269
8454808114
1377693320
6893850306
3021337958
1458067697
1408536188
358535089
245969564
2898429782
280307143
3049177768
1480520915
2369041625
367880474
6863767641
455375219
212490516
462368786
4413638756
1152095678
6405137632
1177004878
6050565526
2250225902
217618394
494496883
1268258733
1944062224
1505511374
236229236
3756224914
1439152738
6440315858
1238742199
541657306
596214871
228964242
5772153013
7523392967
5632242928
3504708406
1954118362
2684940297
7330676372
3186778224
1110652707
1483838122
4290388599
248155081
1040918837
1153153041
1421516041
3727515332
570084011
383218073
1799013927
