5495591786
364761330
3626755221
2752010207
612830592
7484521718
1238065562
2032602209
1397899843
2882059358
3535673687
4055089436
1730938260
1473212058
4258407489
1772445486
5662738618
1604969780
7103932940
2930952610
4654677442
1690796906
3530922070
7387620506
4326490848
201505755
1533826822
1388368431
1934528847
4557058162
2459765468
3214108180
310157643
231373200
4207456257
7871568623
293551595
1419417354
6125669026
4834772322
16100325
7030416309
6201095943
311565486
2376544763
1790909194
2201212229
4577294309
533008070
388986797
2298825143
3274668355
5499083344
733014303
1220410987
3504671900
2115847974
5389921821
1476278546
2224960909
1604612974
1062022867
2111390813
4776280975
358127232
5566328891
1074661276
6225680744
1246972725
3666405373
6289174418
421980152
5413288737
356753707
4099602701
5579676615
7112261989
1443817124
7654448352
1914346449
326523648
356611081
3541158920
3580455394
4234397093
2884658804
1341033463
1593083258
3657367029
1169222824
417484097
7076409027
5802006688
1280121037
620735857
1419941484
873672036
790586422
1683657871
5742707906
4143106246
5571681766
2324197746
772924535
3916071856
39491715
1405145492
3079939747
578503370
1682010289
2053827920
1435184484
1947068320
1134783486
6154161772
356673610
2104312404
2081432426
4003401654
1441346363
518213036
1713906124
3571830664
3933234132
2023003564
4026553186
835157237
242553107
4885875782
1968190065
4089460144
588077587
2016753267
1244002173
7361940965
1225793803
1786111046
399516915
1170109640
240108607
3210429058
5696076567
3557340548
7305933923
1074954893
5657721537
709666677
5989245531
2095555758
2304971917
1276509290
4688930070
7085360535
2053881002
4659206989
6005660770
501248698
387616274
1593789362
471343879
4165695796
243922489
6970545954
261462187
218275201
6053359439
7392340647
4093293360
3025444957
803740224
273139442
3927758026
713443650
235218233
1270880009
797887455
5110679685
1703244323
2007782989
2312763160
4067949400
1402486398
1212890547
7347175545
1604547731
7260055055
654786293
1427932121
3234316956
5600937991
3133304102
1523133980
6884646363
3963062364
1544863977
3005182117
1578110091
3537467776
663110133
339754675
4558901736
1568557165
3509679990
1370116570
782901488
2903804995
1407803518
7002194149
4268078592
5485243027
6703808361
2211717384
556803982
5726863112
2138082816
3957723192
4234421197
3467922265
1163574028
378347602
2212795545
6876374879
6370011249
1391280630
463461139
1604413860
1491434712
2238818622
7647422901
1397823250
5471920078
1808451605
2907276944
3180388722
7302091221
7152426570
4002610093
427812548
6026548139
260772996
444756730
468372679
2224939065
218376430
4645656191
2767526121
467860055
5418886137
7294958187
1157159269
3309485595
1032691785
1598540940
5778172472
1306727698
4174548992
312373686
1550448949
5604967059
1421561399
5857431902
3015525470
4080906982
2100635154
1045332377
7616065118
2213673271
2252234878
1475484467
3175097031
1687930432
2982286580
6280909605
4634928501
2061867390
3531865347
455840073
1612636602
7073456045
916377105
4174852021
3934450302
5822682134
1445870446
382061124
845365077
4197958863
320009596
3541936789
2098362549
4723029131
4157833483
3284762350
1503424082
2302783437
4061520582
6222019535
2043640215
411845662
2142052234
1799051791
5525155616
4472355920
1243888459
3940013098
268232299
3161318656
1431800378
7383620551
528310459
6073498
4148152472
240570792
1515729593
3103691477
516766333
5340219343
881528701
7272047979
815631824
809067735
1572833298
3235790511
220601761
6128290627
1655890019
432916325
4860686879
1010962671
805277727
992663355
4771647756
1745977234
387376470
5792522605
1511450502
3081687634
4146971994
3248290432
1452512764
1571659787
354896840
6400084682
1387845712
253317769
7420511879
6621221796
1909259812
257759540
1279181331
363420989
4171204191
2353032421
1836789006
2865225783
5330009952
2055292569
4822136788
30975750
2117028573
4249964460
303023731
1220774952
2537823287
5781908657
1800256226
1665418281
618703692
1583135321
606452740
4198692002
1377902130
784347595
199089631
1724902405
516768924
2114621955
1448698866
652655854
6340909685
2296080133
6437983258
836776078
2539218981
7888184679
4571768485
5474242483
1094516167
4628424723
3944603965
4866317206
4172411845
5332478528
300787429
5767363492
825360207
1448272853
594606900
846070420
858094889
5806606470
3506430939
4256527050
6130926383
392962510
7417886415
3181712687
3630148791
1674583382
5746362782
204536121
5416914807
4985205149
6838686144
5534680448
1122513273
2292053479
1509577165
5813608273
1571770765
6721520301
3998953268
2306015373
248328068
525704882
270938844
592752423
1558256492
1823714880
1601713606
4792972447
391218822
1298929021
6835445991
3771473506
594639303
48976532
955722315
6778420101
241878295
3037527758
3055593460
179489323
2263639316
549402643
6117964726
1463372465
2049332975
373886770
2081019404
3591512836
3175529107
1310266368
183885856
3474749518
2015388513
4069940513
3266310441
4071478208
2228384961
2940472549
954614349
330878634
2120674800
348992393
3230943884
1139498682
303020890
5914992862
3191430495
280311952
3110633231
439335055
479691318
316460554
1494411355
2201658904
4627986456
7078377346
3214070306
358171224
291385820
4247949223
7646440658
4780154314
232653585
3592999897
355682665
21357234
355054844
801834545
2250012966
3603861651
6692345809
582576800
3031503331
262011439
2708096946
1796371975
3942383265
472926584
2015555490
513127396
338477578
637695581
2284309272
4230839657
1277959275
7255038505
1085551651
2268557122
4283125005
5463371686
727025652
601171308
540290024
246063870
5570402075
971029038
461585496
930097430
5516450162
5667071435
671801418
479646518
1904809691
6750408350
6854227464
1504374953
2422360458
314853577
1940287998
1124244337
354623062
5620093605
1361782855
1605988443
6649702746
4330012215
6085918995
3763827895
5392285235
6395926709
316282035
3314317243
5423324667
5349623196
1942254498
561020286
368955597
6115525142
1959285733
6916985499
386241870
688549282
1384991836
235678546
355519137
2207971695
1567560160
484734771
6204196233
1381978297
1434977403
1233167925
6283240105
3009869254
1638473518
3502975899
6087854296
3961253578
1686846573
5467922402
1096216553
1717435435
6860035508
2280465152
313152380
5886206199
3295920832
3029036299
3102438367
4750796557
685309118
6719156793
586818740
2106076252
4312341826
1268022836
519126738
1624382607
559298622
262296558
6733274693
4730418979
863607002
1175453465
5550819822
4974605077
1256190682
3227091479
279914855
1524097201
1929364748
2970884660
280714333
1704728678
6262202159
3975879791
557506082
5962153726
636768366
7216932670
6107761421
4588463456
4578724871
5430992772
1955348660
2380638659
4302616670
4149739364
328674708
3537923740
735533750
6984014446
1078981772
2934617170
1217176001
519183929
1403785081
213361921
6504506338
3679714541
4250225195
4205258090
6017280852
2902461733
2190405895
1215629105
1902675313
3315913703
213868191
3589329441
2326613610
7463074507
6914180138
350383412
5439442970
1472027438
3846504508
1330172627
6843026744
767182071
1220886551
6967140934
594069751
7506347119
3863853699
346586674
6314249690
195581000
1817667189
4480606379
4552992460
5678119674
677037894
3619984860
7974797645
1384951532
574968397
2421001674
1090581084
4460780551
2336995932
1631208683
5801638584
1692456129
3637636210
2380214985
2072343580
538773732
1700965185
6309199889
1924270006
3629600576
4930610644
3969350346
263816243
7319270897
4088226890
3236008053
7285089135
475536088
1573392978
4700579500
1279576027
1743906281
7440938092
6688120590
4359006923
3183777754
1951697914
3494764057
6577059189
1675014834
781543971
1441679906
519519386
345884158
3296890123
2350546583
256194265
5984436970
2022324097
639295136
414171097
211947422
1628198188
5542353626
6233301649
2344968
4990455614
2274116206
1693355180
355975069
2177759609
6087040102
3155076400
1155764529
3235602279
3187866077
495857137
7231002516
1580034297
4652181146
309153957
6742988695
306384097
1957562158
3084217629
1138160213
4224096481
1203586165
327345713
1677740067
1902997133
454346940
2109751175
2233328311
1917394
268073216
5601922226
801972521
1737481963
557826859
5521469047
239592251
3211931653
4219378704
1330392875
226878354
334428145
3432655206
4025386359
5592777573
1948182375
1617924410
2166165544
1740294044
3896382989
253505506
501141378
3569197775
1547028111
798790653
7444924775
2203702454
6065790931
4770986986
2149958236
338860798
522657686
6252173332
2315405643
252548729
294873525
256558034
1937358629
213234558
2056154255
753678279
1149836632
281069424
372361243
2216928571
3209923348
490612594
4182690947
908426412
5390948344
5407820640
2362796291
244253056
4839922838
1580487558
4167311777
426183675
1733421218
370331072
1432391192
2875898495
4069255071
1549498755
1499352412
7150538561
443990487
692760472
4541222109
264848238
7697304600
3549352349
1713368927
390213441
2217117092
6098208998
3411397546
4137543935
4134302714
589902512
3576657910
1193263273
1440594895
6827475995
5529498705
6326523845
437311892
3507423281
505212868
1957262402
6983542686
325025824
2064810117
1522431798
4253815274
2948740205
6351910941
7853495438
1457978355
5958405828
217367988
7749550147
324447257
1971292874
1709079564
1438256043
6278788422
5815339007
4705762775
2709398927
1728331351
7906309363
2215330660
3073265415
3215319949
6313938850
3446847123
5419897939
2015737356
1204252319
8007679881
7842284575
7832467133
1563965377
7781770348
216825129
4260957249
5349355337
6351834967
5520550013
359316810
1495550194
6945644902
7962850135
5900096602
5696882553
247787823
414307023
1428944885
6953487346
4896144905
7356270248
2217632142
2562082877
1600794421
3534184727
2355647287
691419728
5422543929
4690099705
1355863257
4546933438
3644877683
6782605121
5480479354
1744069182
989743299
7658170310
1022388480
7710603029
5376278198
7077274881
7244653936
4950393644
2225007717
7155028898
219732049
6280446714
1490978200
5412293736
6867093715
1393929149
6300755085
8032964072
6995460962
4359498038
6119397612
2886297913
7114342139
6751934708
3498475887
3211793386
5484734866
3941943166
6834052400
6042239797
3158234693
1538877045
605879614
789202870
7957930021
4875405843
1265409534
7060253815
7898289772
279462077
4902085441
7714904827
1621467836
873520939
6944817426
770148134
6834074599
34005173
5962481165
1827035507
4485470611
1772402658
4307138499
1431405158
1417957346
2997839101
49910527
249153091
2247974902
1288578678
4837505585
7773151679
1700898931
7035913600
1299053419
55389545
7056547127
179371175
7295257178
5420971949
2047732801
7067164472
6932355137
7633256579
7183498181
1431800804
3882291949
5464685326
7016475880
332573614
2102028529
5475822249
1587236706
533110252
6182495723
4324196281
7158954861
7139555819
481619956
4423711555
1277493506
1414337475
4141350018
7945641950
2869145271
5590131599
6578512707
3156309231
5442032395
1492782299
7603999987
7875787863
2305102346
1440559234
6126671264
7599613429
3851656569
7352069736
2055264642
3766881182
5649250544
7956627140
243764946
1689478226
6247199501
1700300645
5658652213
2963799364
7625649464
1835543690
7733881238
6221442834
5390210497
1207804997
2019302803
6941600253
6649478928
7088773684
598421320
265942805
7057219777
2073164264
3636309125
4363060750
1662070457
253506100
649293399
1182166796
357575581
277788256
6560419784
5401612553
6795398497
7587201567
7711989424
6118816966
5481659746
282081237
1955891542
7820144729
847343783
448196523
4315957350
2291257160
6194582275
6167894253
3539036852
6011192004
675976170
1533866091
1738353966
507179176
3128749481
7292976232
1208155032
6025293507
3015910687
7335032853
506502902
4268832477
7273760909
4224301824
4375659746
7944290481
1466898871
7217877274
7106656539
2711128742
7881690557
4789582467
7687366555
4586667258
1997154207
5916728257
480905218
4110585241
800952171
5358582840
7131352256
3637052975
390330643
320489325
5409251819
336537562
3875051902
3438357674
4837490719
7856594331
6913467124
4490718712
6020536617
7242199686
7821188506
6264947420
1582235817
1934651125
3623533577
2261612024
7496791274
6370078664
7892558718
5333127653
1513556626
7189033245
1531806222
7948349653
1779854806
1794058546
462810329
4302193694
231105137
2895974815
6752394933
2112996499
6879169746
1422717327
2126095145
1179062899
2101010305
6913345775
1900526609
1825072573
7245020041
1587040399
428137915
5785084260
1654696136
2935634576
6672548794
1441358019
6954579507
1146241602
620321466
3181266870
7205357672
543430400
360986933
3166268314
7117059451
5346902802
3007999197
7646781701
1540800153
3087855144
219714706
2696361948
7595173864
6154198481
3829840339
7967982238
1457084107
7398838142
1644782620
1916417270
7135055166
5503494405
1475219803
6847425963
7112163103
6887354400
3032893881
4184653278
7847505641
3402207485
461579003
3958525762
4537506027
698250182
1567453791
282461067
4909850796
5502094489
1012541987
5590798432
2198031435
563775684
2179249102
4623474901
6986796291
6286376550
234931560
3549032093
6013756080
1181082337
5538299882
1390967976
1298860417
3283881005
1254083351
4564763661
5691491027
460341848
6705999402
4108666980
7065322926
5890933507
282517329
268997599
4064339812
373380350
307315693
7625540531
5895995479
649967828
3104483699
7206797081
6998369061
583244491
7665532243
7251320723
6462538582
7163998564
4667080823
3620491592
1043013995
248336570
5570839816
1370821662
1747465177
7757190946
6328469936
1401076294
734692471
1563987467
288838192
7219524752
292865545
1278840231
964614346
5476783622
5481891177
7803656672
406709743
1989286558
3867348106
3957159411
1182392060
4147685825
1483467518
959058741
4784701910
1150206678
7710413437
4374094747
820652549
6837444214
3639554514
1557683567
5623020744
1204790709
4345611427
5730799199
6981510226
4276908316
2133098303
3095497146
6270191207
1381591425
2329261180
4283768778
5408706948
1775509201
635464386
6681522226
385051134
3870110249
3268383329
6022848864
5914313534
7787169501
2308724705
5601631967
5817079661
3236206685
3049447843
299138940
5890081367
1462188426
7147458515
5721727231
5548894519
265927703
6247660176
4111030900
5780189233
3081621071
2102135139
2075108012
1698611378
1199656197
359780533
5606438013
7358000868
414559074
6685780948
3724396966
6990505076
7779920637
6320450603
1350563366
1197129557
1523255506
1909438004
6935212333
7038593918
3245917545
3424565228
6061518825
1971761904
1722852940
4234299547
5847495298
2948921821
3625880833
1811393701
3946050414
1226874660
863046690
7743345839
6971630813
406522226
458335446
4522956987
2893482706
3016627454
1713193728
1702159675
1814479408
701406829
3284851126
649151749
1531739476
3604645240
1672821824
4260748512
2291843467
1918136922
2936352662
7821976161
1815096653
6418786840
4919619135
7717443737
7210380013
474283491
1579705837
3863660153
7244788274
207844923
7231966872
7748381843
5375223124
2026489853
1462628274
362590583
6946214657
3985402722
5804779084
7482555123
1906112737
552529604
2284780995
5885177417
6852104968
6229701671
7770503365
7283827274
3177745937
6213836924
7491763052
3190375179
2077172740
1376472185
6082196005
490139204
2198717634
2711663928
5730335745
1967868485
7731015008
4248257825
7657677032
3194065638
1552239908
3630057130
7233772760
4445665708
7530135248
1337536450
5623512494
460137568
1963872537
250938573
1548255086
4470903647
3283942468
6110738782
1651237409
7191462919
3615951060
1476813220
3560933454
1512748453
6947646420
2148855925
6907851097
1481203521
1463458031
5591427376
6923110143
1389417493
728811157
2979839184
1220773679
1674368619
5682352903
1561842103
7631890965
174739579
2033525400
2315614483
5720237236
145903035
7682537633
7633404700
1450086651
6641021904
7599443466
2103730242
336859829
1769327621
7484237485
1655349418
7130457409
3083936930
4671555247
2042377770
1398920964
2229427632
1491074069
2278319731
551914437
1461434397
5660544742
6705101168
2994113208
22680431
2073411417
6610392296
3668054728
3233037878
3038717788
5816636317
6133469613
11493050
4269087379
3480048381
2265578779
2103807402
6193159025
1248944361
626307133
6671266335
1246249360
499044782
1554384674
471041707
576646823
7419075841
7395424715
6900119411
7367912680
1483544170
6862180897
7125985372
5390372072
762791135
471351137
6215402566
1458529311
2237222962
5836828154
1476529354
3597648730
3087718509
7211691403
1040841486
2003392966
1136916012
6869214363
1449929818
5892175319
7747301462
1975421342
4685911245
419378164
7615901690
1524528101
7880211487
7866201630
769844473
372447075
7772481091
5637428284
7439156266
6689591984
7063517065
2032757527
583380661
6134059581
1070476843
7439783860
6239236560
7229640661
4361050759
3011755168
6798823885
1543273201
5659352434
7293870487
6988982852
1628750644
7373344907
4303471605
5529033717
5591106484
583676791
1354678080
5745257868
4763907016
8018817972
1249693730
270509138
1798292068
3224883083
7003957615
1781915481
4152227290
7701722131
7273570292
1267916839
6088079899
1805597590
6951325752
2226980424
3551481552
2207609790
7723119999
6916263875
7373533139
4094184956
5334938493
412053875
221204615
6958298811
993217047
202593382
503828785
7801719796
2372781864
6257259128
4316304905
713969899
7462214041
5633637789
328221590
5560419101
409237508
1356326157
5861953718
348566003
2131325814
278167234
5616753445
1617835173
6465618649
205123424
4371035156
530001830
1363344512
226544980
2247872441
1698554746
2991768251
3495599503
5557608649
2334091124
2069382041
7107452251
2023088200
2071167547
3029074167
4340461760
651993873
7160103976
2236224837
6625846384
1427866053
5635952553
7009360777
6725405585
315253005
1716742924
5713912053
7832021613
7234282848
7197703131
2182833854
4061546002
6745849827
3926672716
481907928
7313860122
4822475870
7531343914
1013505120
5983754251
8014073538
4986199230
6951079729
2325436529
6619762130
5710083584
4283202155
5484438087
985078283
6968532899
2076610525
4302906379
4172393179
1425993436
891527508
2727751482
7653233530
2234484307
7686510846
6321880961
5829961565
4819960958
467216728
5970071878
4764772247
6503360262
1129176615
342791350
1906971721
7748816343
7778706922
4940880608
4114079379
7164666701
7810927944
6439015209
489526188
574379430
6958999885
7978085046
7719269079
4490309323
28191865
4160328454
6197349036
2330742232
7060298993
3133061066
2252489631
722951373
7763562455
420918191
1989454507
3110361845
1944907759
246065874
402205507
286151352
248243888
44704271
200120125
328607250
254054508
5525388722
492084422
1769776824
1644703960
261563231
3272492716
215916579
2219414108
213691542
330005917
7712194080
266254951
348352316
4046922956
205045130
7021584464
415184901
26352746
1043297770
3515035867
185722561
1432950959
249165544
2220254353
252174451
8134266390
3123931289
306751874
221753695
555440690
918141116
552470192
494615579
1348069841
916620956
1952596044
6522840
491846152
1297163028
259673419
1425385902
316289249
208972023
342902716
4172788979
1194497414
3212085837
974877031
240188559
1668891115
1546925219
5427180797
1038198835
6098624568
206906526
1525892291
3310057952
7297741259
5428860458
209067862
322578291
289957665
25092764
1810921957
51397041
26463509
1535725279
2690330789
2228758932
296471531
2054610469
627839155
1444864257
321194895
181835461
443561201
288386462
5888673621
482225617
534967184
315094352
14417293
1676471483
437119059
273324311
1979146374
266991199
36108438
36694779
302616795
1576111053
267377124
278881628
5673816151
4149830451
3960241972
267943920
26062223
4008425173
4862323655
191928507
5344298998
1123948585
1532536191
1149595342
5886329739
1330358164
6120243687
314222132
5478612030
296829945
6339858409
334766377
7184227876
2669779778
1820148491
623852919
5867772677
4856358601
292306585
4535922905
555384430
175091477
1623671200
4103286627
226758234
303868131
7353533747
4255494968
1073723522
212263517
4230762204
7498210412
3194410293
5568741084
2273014540
6917616701
1537975614
6035144590
1509853947
1528194716
4061066925
328332532
812785695
1210684946
4476407014
430196801
4100714812
4995293503
6057485302
701790365
1088062858
6597981063
6792533575
1675738046
6756297424
522903179
1571350934
2907176342
6769141004
6826142069
1430397283
7436099250
1650130202
1004700235
267228698
4298749320
455274858
3087750368
5936300540
1429876292
277684328
269777420
1500310808
4470255923
1485549194
1925012750
1587599995
1948334389
4794202667
1641213573
1811045004
1499925874
483902989
6893793363
1160965264
6119948375
399943659
2082879758
2345051779
2038628493
1414885614
5677150921
6288751015
1525080895
770030130
1600441575
6019397205
219495196
240331955
5600256960
5430137598
5952164489
145949863
468144079
6002170548
6185377556
2043017346
553566552
6243703680
652094944
6491692100
1550440314
2002896088
226957053
4467863836
277768528
365004536
1717500169
6066255456
4397326652
225609489
3914111424
2119312671
182279945
2066265912
952717133
6971447475
6187447713
3579212646
320604104
206668258
261536753
6766921083
7281666246
2136706715
1243346431
7943679421
7115907665
1510468173
702377135
7345501192
3973018583
1456073389
1912500243
6936758965
6475127457
4141004025
31845649
4845589712
6860361389
7440721447
5999954004
539523791
4042622347
1642836844
7348032306
1490026983
791019955
145032924
5144677545
1438652760
27276219
5382577465
5521715820
4285052478
6941912181
6706731752
1652457918
7849236725
7048292404
1585439909
7710922547
5149505600
4616688577
2074275370
3252085437
7053754536
5820825366
6062453381
334074270
5374995265
7007513856
6570630835
4292109200
327050634
3972155947
3576844467
6345794365
1435351229
4334689970
4360388990
7680004691
6031122250
342515403
432578139
3245627821
3227731015
2065784495
324440503
37273752
8005044377
4628444885
46314332
4320265006
2242677877
2048420620
7964782112
1661032532
2047869374
993809473
1180636432
367805124
1485771801
1765075092
2216332330
2117101961
8011431646
468769763
6168194380
4391631839
1540490584
1925790024
1189984739
1330557201
28199529
4787614607
611176458
7397608981
3977904665
1756423076
5588036587
7188473799
1691972957
1780815266
6161840567
550841827
2410959127
4730012373
1785315531
6096825833
4080725154
285815566
8039344251
298842822
4048105855
4307125755
823375856
1476259997
6353606576
4820107347
1937818978
8038325584
1759975513
7485126262
7067119916
5971601224
3604157566
6110351163
6160261313
4644375389
2034175804
1745428382
3256591111
4471875116
1736597728
6922490367
1766187008
7795152474
7243753123
3216821746
6333935147
521434845
7801185781
1322425145
6437564039
5953148795
3951546319
6942001473
2356635871
5437493533
7813200579
770105338
245749156
427690198
5365473748
6864850384
690526027
4291398871
6878178842
2927936656
2296084987
4764865958
1140271871
1508257807
1400709709
559114762
1527792399
5767581656
6843564427
5869817938
7763310606
993919977
1925684311
710218569
451457173
1988723164
5984857303
6283950126
1749310131
1741776518
6291050080
1511600803
415674291
394401744
1537099211
1404372567
180120664
557438377
789424489
4553985365
3967193437
1985335265
2028102521
4521352940
7136360444
6998131461
1481868460
219468398
6768412142
2043326094
3869050133
1618179798
245748078
5785076296
2330672000
7063533832
5587256551
5971001125
1611607328
2148756740
845953582
3302890710
6939113731
874456544
4064402933
3678935277
5350720469
970103623
3033645402
1277119085
2316680747
2845677528
1482592819
6349453075
4204824499
5753610004
1690326176
6316155242
7327981618
3633649331
1573689462
2130203057
637996095
2007383210
2527042578
1502170474
6471312224
853202582
6191696127
6030757000
720079164
3242371354
6840941990
3311064951
361479793
1484916930
1668706110
2959336177
4368470022
7526927938
4132238769
1285333658
1534768407
2313771196
2014320269
3882262774
7532851218
2441036656
7506116856
3138919672
5833094236
2022596381
7011746800
1518424039
4165853837
6820217757
1965408806
3506409703
5504288251
5990313022
6536750966
2534210003
5638695815
5941225535
1991857559
6230220564
6155090444
2330595220
7141447623
680672574
7945505804
5695782063
2182972815
4177739454
1431748563
1526945031
653407260
7810328339
525661694
763768551
4328313964
219832863
7027405253
2823438602
610636741
3134279528
1391944339
550998626
915690192
6062128416
5883854895
6963678410
7370932769
6944384419
3545291411
5816521159
2881260133
3670338824
6281339626
920774999
7053516030
1529836776
3948182097
1705349027
6816017479
1527984793
7274501103
245458107
1112714712
6718304630
282890234
333566618
426786371
7224205799
791448120
6685181609
286389847
1518113236
6504356028
7687706628
7359137002
6433291535
688542734
2220310440
1468025406
4209749440
7836468880
3911746234
4119566647
3521596201
6936206956
576306882
2154142734
2210548593
7942425671
2975095889
979245747
1400189913
238151024
1417740531
1737415682
1791928813
1122801417
5818586180
5530351628
2889891377
5543262939
7631313117
1907535199
5369959969
6960510642
4919674180
2945191197
1487448590
1185290134
266018645
353561087
1240627275
1134568978
224697217
5974805888
6814279412
304028520
454797405
1446919916
7444416337
4904620940
7029709737
6333177438
7815053276
1399006049
3655577632
7197526755
7405802254
6942995853
3029140660
5810510961
506404388
7447717729
6877550179
6304200090
1361804392
4657122782
5734314482
510855547
266144399
6669989942
7106986764
1410670507
7816842586
6430203909
1570554560
6465481853
2002809296
1387783466
7482597819
7525088153
4535767298
604761274
6930912343
507304948
7702785155
4283466217
8007438718
4620097058
7697620366
6627059975
7393183836
1115955254
602885809
4743374617
6825345055
320644666
1961759759
5831383003
290861414
6768563186
5493710466
6848655218
6304273646
3001334361
7382067506
1122949431
7475828064
631088894
2059075352
2464974155
1184629269
6152317012
4259899338
3942306278
769260512
614519356
4316388709
1800893640
8081300587
3058519871
643158652
1452329464
4367931777
7608753982
5604150739
1253246459
3139413814
3168034321
789424266
734333923
200187502
603339950
1982046406
1522109478
7010228259
5947763310
1353065284
2304416108
5839983595
5707392443
3429357871
3621333391
7468241613
3558980948
4165236242
6459693474
271237198
6343608218
7908164314
450040954
603601801
355941935
358544798
1001602285
3096288554
1488814565
4830323071
4672744507
5431741882
6942825371
7363131115
218207606
2221732206
7270217988
1285642187
662681396
7478870200
511818543
5869095063
54386131
3495025672
1489802449
2683829442
7558593537
7062857613
7159889389
1644035498
739882868
4048888047
3617261129
2059540751
4168890291
3046989281
4862237048
5758800319
276831440
961096589
340510246
6872047302
7452265882
1000042301
2647571667
2669387255
1975138044
5983747206
1322899198
5476314349
6654601810
1467712391
412349914
465206744
3950356091
4839206873
1527748029
6868502392
1346469258
1301345889
1291110433
4300431886
3676040418
1228467328
818616985
2274274606
4087210321
1331221060
7146790429
2336187749
1816636940
511260701
607691854
2096555463
242652384
6932519206
5386157182
1520003403
2316265159
2068266642
256379778
400591683
5705879124
3039694570
434756936
2043298626
185027799
7044288714
7033682757
603648408
6760753878
688986129
5930406628
2210346818
3103487998
3513969784
1634451986
4846123286
244987904
3616271453
5951834232
880817989
1131545355
2013136887
1140206174
7683717273
3564690560
4489830139
1581915679
4542800761
784751967
6942050452
3078390735
7096906859
7101762079
1494331341
1964128256
24323032
5455070899
3306427578
4058034628
7195078830
247962493
7275800705
5055257624
7528062038
6070905423
320810804
2252557686
1557562369
7385515059
274219578
6118990701
3596238489
1300800381
4179582321
7774711282
5622745631
2611258516
2225651996
5349895661
3538067196
1701959079
322764022
4236067303
1786473051
5458956469
3689011627
1125513355
3187997178
5673287758
1993328084
625732430
1593877411
6383490508
5651221636
1499222095
431710929
4225546848
7162692148
5445276060
463089304
3521524185
50183998
3944684400
908539561
7739823045
5600041324
1616733247
6824414447
2002084087
1199192828
1493009104
1536223598
4042585920
7069204134
7147400506
240677116
6970582218
227700417
1671217812
2202189213
622520111
7443398362
1011032135
3059338591
1478435039
631689323
1062378172
1999638944
422027948
1386895076
2106663250
1475250552
5600521046
1094742638
6612777389
1970130217
437620167
3109466954
6056403882
5919392761
2279172930
4232912043
6111461079
4922279478
212828120
1431667833
291404406
2947495495
4785441483
2011342917
1382093752
4366941796
1322825914
6977211592
2178186660
1422723690
1987930734
8128364354
5939230460
4179827951
1359950934
6931120458
176424558
7458354844
340422812
7711781767
3629587660
3162324406
7077093525
4446343716
636981395
304185440
3001075196
2314610012
1471669292
7328667497
331935610
144390776
2059339188
4552426287
5473229441
3219750936
1833582343
4936818911
6797740268
7017317775
301203051
210616069
5469707847
7014088125
6704560032
2074313705
2463559820
1611401670
6353998701
1952012695
651046408
1572603650
5326034478
7547332818
3885827075
7418101129
7587223732
1435148766
1153606861
3955149402
5857802916
6992828576
1371389845
2320221691
5788758297
5537332532
7594422461
1575120296
479489457
2447851231
1807048131
7564521608
39482843
1786632765
6778904257
1116881987
509724926
2250804279
909432064
288522933
3958061345
7058600044
6208795943
8027733591
6449869158
2146869377
690784002
5857938176
1929779021
1342051097
7718009382
3169755064
1560609562
3942246136
5592438204
3035390911
3198211254
2203428408
7444672727
7293742357
2362057481
6801822931
4529926676
4648134358
6983962050
339454203
1425172863
6303426437
646886736
310883407
4540705497
1536746648
1755348413
6774662430
4039621093
1674406801
1092975216
2137660290
1223962585
7472111030
16363912
6270538024
350809054
1419403414
7347502520
1096151813
6828739974
5595547271
1948375771
1237941898
4111695610
272767079
544539238
5340788520
2236372001
2150960037
1175530863
5654131042
1034628908
7618375809
1548325824
7926509094
2218721130
1410022194
399246134
3107603756
5876396089
5766498968
1301556615
4758918120
4269590455
1523178333
5726086162
422815565
5392408160
7367149724
4259259775
494888384
6861432495
1513386226
6362388289
622574870
6767683028
4393157001
683083176
228189455
7462337160
2055906719
4304232549
1828885814
6071553859
1792092670
1384413416
5696118267
7153469987
210365227
1332599838
7856734740
6912717523
1713778992
1185165492
7475704645
5910399332
4115215285
2124460515
1367162841
7339386302
5994546519
5329274281
1376936380
6098330256
1081674301
7202302312
4705212823
530381411
6162105741
6059369888
1275421056
2921648446
242813571
5440501852
1684242340
4035400164
1626940632
5914043094
4947019373
237024952
335643802
4311510882
2242860405
308233629
6919068141
3180954506
6078494789
1604228882
1996501348
3986264516
1378862216
2189389009
308747593
1386627499
4231648806
3055934244
7740627508
603429659
5466614671
293005457
3271408775
2136473178
8071051112
5651281058
1166669257
3676331886
4103319033
2327622271
2070349367
6574387560
1569902139
1583995259
4981277358
6016690466
1664907586
1434911186
265526408
598540351
4163083342
6625279213
2145977125
6648189249
2231446064
7245199034
452683038
572938941
1616774965
2328279309
2271752474
2900803415
369879993
3651632072
6908413817
1934527889
1654502823
7937538516
2894602687
6730641991
506479692
2323388662
4124703018
2409931
1281439414
709696350
6764498898
326921055
6996821964
598635651
7743816603
5642603761
3906038395
367823753
6017323626
1205466575
1641577765
629644317
1438587231
7454192246
7073569940
3736907403
7287430588
590290301
3238479043
4106577590
2464630374
1922334003
1016839072
3079559087
1007553502
5475551031
2148773504
691627318
4412769498
6127445668
6206216269
6761227685
7085205692
5885524691
1670740999
1636726716
1281270114
1318464013
4992859370
2106744132
7556972758
7155119925
7393273441
4832560968
7269413749
6846554927
844345608
267929819
3064807354
5605146515
916697112
1225324983
2251291969
6016293267
2886722381
508181741
6886640740
1240316450
1589632593
2051892156
7590864862
7821198709
7157672510
186725449
1279192336
7474993312
7094991950
3090651409
5686322285
7166539040
355767914
7077646723
5360489775
31533396
4743971939
534670144
2068309765
6780627854
1425638717
1575333264
3248605498
4652528822
7338944258
1826602938
5686216575
4478582522
472685891
1284656828
190709295
2097515329
417427519
35985102
255725288
4541318371
7952522963
6908982878
4635502005
4461462009
562785222
4161569607
3663452405
6721887292
7049219194
1995676982
7512254174
7791420892
6478599304
3674853137
3579726748
1199755944
7910808917
1506199425
8070968736
1344057598
5333781610
2167410650
5879201115
1601920336
4669142524
1272706922
7908576625
7327277295
7441799610
7141438211
429687051
6726727432
1515747544
6918864508
749735402
356294306
1552899464
475427006
6120681635
276538153
1178270382
8009776041
3671610738
6556341135
2310142495
7041322277
7076305238
184465587
52956648
3297430816
3874325746
4365107148
4429908065
1208859854
424743509
6122440548
4868878132
1602932673
6422492240
1502472910
7971686919
4645731400
2604301057
4024094273
534889267
1702077913
401647087
4526304118
1822726468
7590910345
1151075006
310636427
1425526910
7538285681
208099988
5647479782
5451288008
444527405
6078934298
4521934986
5663271094
5468306083
3025169670
410720487
6888641117
4095865899
6915931802
34469148
229551471
177225987
3896509753
279307607
4065323562
1944499135
1710939658
6012296542
6368398787
419663769
3674350155
4776922845
607168159
527556716
6705333533
7767177847
7234985477
2153927005
2216062266
1150991539
292118568
1595859466
7091640615
7477450253
7581127588
6259634683
7257024141
7122832254
569815922
871519767
4271869809
1553980575
1420458299
1579639862
5633492632
576936675
622979945
23931136
4836594248
2212276470
1337790308
1282915257
5034910514
7587610053
5574755705
7572910607
2052520817
324963161
7665609739
1603639664
6635243922
5424255174
5525608143
3773171529
3623142464
1528720917
502703109
3062215271
3564343898
403453381
7118171739
6953991876
3445920994
1219361061
7372183251
1034776775
689420460
1957816065
4575060652
4649000143
6892868109
7876484108
202801898
7286241046
7778211278
1931245199
6086166654
4523755973
4461977046
402469046
1941949086
835395000
7648156620
757673950
2340615067
6078042073
181731513
7111704959
7269724930
5985828565
4023777977
6953187050
1567015550
482119915
4160650818
5949163521
5981447148
1313766517
1496074270
3302584695
1489925921
8136364577
551929557
4746722964
52970065
1722787701
3684476090
5754596877
6996814495
3569136688
6835058795
2139745235
461134788
254838714
2303301507
5590291831
304414175
5980450155
727045251
1681834798
1774977534
271635725
1407212748
1932654288
1573770799
7339369403
2142653857
290138201
6831383836
6865742888
543643693
413594592
5486002329
569749898
1536673986
6306344527
5752234559
6019122163
289253525
6750147635
2126114502
7337206635
7026460705
607115626
276069450
5508815227
3090426547
4361903125
1284723451
2541706267
6732184572
1522513387
1742473296
1777846698
361363490
1317422012
2247756117
6224930505
5766168961
1402149944
3121122620
5555149562
7434260739
6699750933
198368418
5833203301
1363281342
1507056773
1926056367
1633684208
319747812
4007261598
673729767
330456898
3726079473
4008299744
377387632
4284986192
1600050270
7441385652
5855382259
321066635
1534904348
2346174197
333131223
5928567842
1609176564
1935490292
6864328652
1472249682
4202529828
4479005630
8058919438
5387987798
5434844589
601541799
3513710813
596321588
260528284
5385968794
4188706789
7588361213
207210978
3233019148
263548631
7382780391
344267190
278864585
1358625838
3047556591
1641507919
5607825380
4730510081
3173160487
369966816
4937276102
684966440
6438245270
1074161838
1389522393
4076161186
1128211986
4304588946
7384614031
1304047550
446398913
414468928
6597958703
7608293299
982499771
3312639183
639414801
7726007341
7550416620
5381657229
484715469
7267716574
4365908859
2217626554
289185906
6883713147
828842472
4145369142
577695461
4012030632
2056276272
2287513159
7079612770
7034304265
1566800058
1380040000
288134516
348516557
243495918
400071193
6113918267
7425626760
461605823
1694526614
778059137
3106018887
5847023761
3103482669
3962906254
7467734313
1693140982
7166321118
4291488835
4726698217
1567499754
1444210690
8102131714
4466944095
2016321154
1275150850
6740371698
7891331034
2290974664
4082026321
255890778
349027380
2164712541
6015081909
2284411348
1375963898
734958037
327032743
1954461933
2002915568
6991899235
1338708416
618690762
5398760415
1595587503
3049088024
670861003
6041946396
7076008657
7092608499
2200277018
2237644040
1440356121
1590228317
3505718408
257595224
6002418576
2055557114
507673650
1192791785
2923558203
5583516369
4561551872
1472667757
1680441416
3619189849
1625549279
1832052418
4323802917
7465752993
507067048
4125746148
2208866552
2118558326
4744253185
5754371888
2312428265
7475176461
5798942850
799873217
1902822784
671555966
467043315
2221672673
3210349758
1695594025
1287027519
914334985
6920670017
2251340641
7509031383
1971798669
5862344356
1440383528
2944596666
369686591
7731689930
1423765694
7124293812
1621131693
2357467528
6888518591
4147683187
45116410
1651531823
4468482525
2124549498
178747961
8009007840
6495310353
1931488218
2126061533
2352070423
1434270632
5974624176
7375903425
6977783305
5614228937
524097907
1343803121
4130476674
1780334600
1181820161
674713818
1694097807
1660833306
5798356447
409687213
2258386082
2244301343
3115193565
1628328180
4315813173
7699375211
5476417252
1491357987
327196742
4970296089
416133931
1067085771
497283389
4780625064
1078975436
7968369406
5016519916
1682927424
4464809280
1491617493
5890408400
3264246434
2323373084
6906971793
6994430225
6978023120
1957069258
242764676
2308615998
1689742908
1104755361
1537963660
2334654022
6197572897
6712473850
1528609989
7033107758
2022683
208096738
1256347611
3266990452
602222946
3237114821
6821686063
7340474027
7464602294
3182266187
2119504576
7691283971
404405883
1397577209
2043906793
744976396
1297467060
1728560305
7959168745
2535364856
1578875723
1710632546
3124104800
1214760147
1937069980
6228058291
3240290283
1417030603
410147676
508100989
2535095516
303093847
611802024
1664199550
2121301625
4275150883
1548244324
190521772
328569894
346701216
2331908540
1303133820
418664177
7275693182
6651224848
578323409
5922606059
2067847618
378478440
1798933614
243410710
4206548486
268430902
3431166037
377408906
8021312217
1293281101
1699376524
218447457
1374282220
6990923162
5589504513
5923685773
8103964426
6042679682
2006372727
6958838042
1434855261
558845528
2877086510
687625327
7205785944
355197215
7064174375
321227020
259893181
6935196595
512387028
6287852386
1652960909
5520333033
4223560587
1696619040
6983129940
1022769713
7618098776
5373210761
7644196711
4137912081
3479576296
828255894
282987262
1002900314
330131007
7011838438
4021528470
1324923172
2311209155
4738245331
5812074414
1655655042
3925564471
505890148
1306201483
5417951624
7227025494
7542912138
12563047
6929586545
1408396605
1272213833
5379065864
6710705469
1238070556
1634221011
1153123262
35358417
6488532498
2927014500
1437549445
185023835
376780647
1101607522
769704802
1696893380
6900244785
2782589701
600359287
4348859065
218614395
4465735001
6086395
5344281992
777589584
2243721862
5762009462
3924273539
3020569146
1474458737
2231226084
246669388
5751244041
3014894928
2717548546
3480870145
4928357304
997896257
7202596407
1798512665
1904374200
1932926230
407770688
3954040166
362328888
2252967685
2553288496
280939052
397164391
546797979
425201964
819076295
374099
211843547
1119759120
1655491580
1088845437
5502814894
329026665
2372781069
2016659
26893235
3297374982
265982334
350695077
4376115278
1553449947
382274901
1523614528
624283397
2252588912
280264174
1194669231
391312138
1726905161
1357971298
361068418
3893195458
310887234
2835038
3290660410
1674134536
192205144
873229832
1174161824
1785926422
1188376955
4959277394
14805456
1021008224
3518508589
2159827573
234873015
1932067621
1500560498
583384941
236665057
4984491
1993725861
298660429
2003334960
400189937
970869821
3062186415
2097300799
455065921
2393628347
4068687833
20333517
1433774448
446042051
365858152
1424145065
1394212013
642864993
19437938
1924493693
1537505980
144661950
187984481
431016891
1476913782
32747066
3409911309
1265500544
5836038746
494981529
593548757
1493654693
52584274
1442790520
323543340
1450108076
5813196267
3630302741
1517117120
4776090333
4001835566
1522967499
342179632
303392128
495966040
251895800
1128868794
317845705
33734918
305012303
4522130013
367753876
249280657
5534980773
255941835
1339429383
599304255
190733706
2965353819
18258416
909839014
271464180
308474683
2022207971
2252773714
242525525
5894123678
363025931
596329821
1925487849
2151564965
1231284805
4714559243
4262517712
2084200250
1956178756
540192429
598061750
2057230181
5895733868
4092639636
2040635839
275455589
5512922466
1937288910
2220986817
277104483
851668687
294040072
1769806428
198864930
886097365
1759433436
283666675
4698182697
390131415
44311467
8675503
388405214
5596688759
330982356
265514216
1657551180
246330609
280939748
1173807796
635012589
412319974
1399393608
188217459
477482024
401448830
5381435985
145366163
929930492
1244367818
569711181
4066206949
5419040055
5484921718
3401967963
2204192728
32747139
4954690189
311006361
1606330766
305744850
1750648917
779743649
1157664458
5905812663
321048611
449682182
1025047416
1578497671
1346490418
1407954478
452554850
203977248
476962804
590659971
239676086
4284183200
1663476130
5360640481
5880799947
392283133
1361101647
2046119602
1283620645
1433116336
2283447268
195844271
986379794
37529822
4091363070
3318665699
4800895
5357491865
11268891
486251601
4288265239
49881942
2314690394
287005737
4483169578
353325931
245851422
273808626
314272499
3651250373
1357353910
5850656705
248483677
279219798
180949242
322058503
406801642
1415565320
268409582
3958460067
5794001231
1455929097
262357263
1065086670
1179153242
5925960220
546139559
2012420011
588246951
1979066075
641392722
1809444972
5667097151
1929257750
2226804437
212325977
501871931
1424232271
1766889993
1473156237
535677418
471138824
2239074626
1107363306
554198484
245974707
1637394161
1265620639
477581922
761209941
5868157010
456899631
5660162500
713206345
2444335559
376832703
5903883107
3317112930
1045075132
194542956
1336553652
769030386
373026905
3283771423
1361853348
647648112
5809959875
1381475654
4813939316
1419466259
273590194
865383751
322073787
1368541848
2021258910
1827289092
5918167429
4367206809
611869767
847838234
3033821362
2539194522
368212434
556134938
5530428665
5588145749
3246165270
4705179149
3064313292
1642115301
2925028675
1462053106
1380537855
4685874265
1437033503
1723888767
2142469620
468950100
5780739368
4116843320
244533489
2696333530
1291079731
2030999147
1982872879
188032896
1709751255
465774325
5835554794
1905775366
1608734667
1628483073
1521299262
2075810260
499110729
1350568687
5458511227
1436242650
2002216098
1396120580
2246634125
978748186
5962900025
2151225284
1339783661
1209279637
4190174857
2270980107
5967841969
5812536563
1130293575
1527867718
5654955292
4300146685
3440423935
5979656598
4812316479
2521413105
5650548104
195392945
1140369589
1458403075
5641180579
4019247004
1457738207
1411900826
2109610082
1519239005
3908011149
1622342192
2050770721
1277251244
3551765072
1193800432
3555576209
439272079
2129030081
513818141
1142756131
348101319
5517457914
461734551
1417041239
5989677462
226952245
5989510890
2562736423
5990924981
5609763348
5935570004
4173288887
4012082090
228019802
222308741
1398942325
4536443063
1798972029
3252762581
195760182
2520224880
5991590764
272358751
2204916959
2990099517
2464454144
319719762
1474479953
5918181003
5763139833
283873076
354029023
5689761068
1289361046
1962074585
331488316
5059661925
4229586081
2367833436
1714943167
4388902714
481987885
5924507787
1599194845
6005155293
1232102822
4159500274
6007660367
593977207
6002443539
436615917
2315800277
4775573361
2323709623
4578512708
203834456
2014476604
3511581777
4174830404
359014632
2282186118
1719453913
278839392
1208254809
4112639281
260401847
239311913
327094106
4798137955
1977674693
456405655
198272884
500452783
2279710937
219830246
2935163807
2228471985
2164755205
1316419092
1539975324
4248713625
480512552
44827445
338851761
2159338771
4293966580
383650837
4366063256
1503624482
490936208
547829534
5623423143
2697142712
2304466182
5035608796
3436806124
5789357416
6030910808
3944760962
290041479
1643251569
53032926
246364790
947310188
245296530
5550007334
5853047575
3316038187
5687960962
3609407322
306168724
6038098076
6039492906
5643664608
232799345
3246886426
2534750762
275233518
6043698828
6010966429
313260464
1504642228
5902862689
4184319849
460224705
3097367736
1296440188
354181020
216430774
668614276
329576336
874648330
1397561133
1069451402
604856937
1679151181
4403020379
5672602326
1296798094
1642080773
1434927886
180972076
1115850933
2083172480
6032430497
525933729
1916427648
1592418938
247905434
3304400750
1010267574
416948446
4278960045
6050999452
758763419
4157986114
469903590
2014977095
294949848
1445236506
612380068
4777497680
1630779680
3544300725
442071206
613872940
4916099690
3908677683
6054929830
4294259232
5644478340
2848112745
4304144177
1683814045
274484821
3662942844
3557672144
3449504098
392345415
252631718
1977311086
3295043034
5732327575
5667401597
3918937862
3896459662
3309374592
4703367185
851187797
270323009
365803583
6050651679
1571945416
2006529546
6065968649
1755323473
533744584
337104211
5551437494
257174222
268596749
4031748120
1513542813
355044968
1767488125
915336200
1277325280
2404474870
2055749206
2182418042
857110311
829040459
1904981445
5700214519
546812935
3184316501
654739305
393901759
2184739503
4556253897
3178835533
21189260
5378944472
185361289
248116175
552660899
230854551
963840910
1579169127
5856880694
357212617
5994572081
383285901
480446433
515334869
1041717377
1447478234
1582414975
1974074323
325502148
1244165304
238558632
1416917609
3927221082
2003177291
5761940238
1042957593
1305717629
4090257295
528281652
7330706617
5690472077
6997174434
1598989709
1466903760
462968451
3280927127
5688151091
287515428
452981383
7909030612
6882655017
8032165046
8897476575
1756535668
183051511
787301191
1092142583
914413847
209250205
4090921054
1423163802
5435921296
7057589904
5506959097
7826092073
1632330853
1118851740
569496760
144297003
2211707388
390080089
8239015533
246646165
4193412041
1099017803
2366115933
5511285307
7702415176
871915460
256279051
2189552918
205824410
7177215686
8090808040
437293950
2209037759
5667938023
1694159256
5632081454
4275037600
1684077319
7336867701
2182543609
7214125166
6099523756
6977157120
224683840
682565564
8358444533
5727306467
1424640395
1223661641
3911638352
4056119747
1224016536
1277488961
5144579904
1576067648
1466130740
8508352116
1922712307
6769753037
8089919437
1505811798
8430863430
6875648184
6025689937
6368016207
1731509508
321989928
6078515353
1431275572
2520392623
7443825978
7563371969
3211445309
244789383
8167666155
1005201178
1929776272
7655471480
8443453269
291371953
3045270426
7053546601
1923934940
215111950
5467530859
7811833522
516201011
7825607326
2283537669
7059874945
6211199931
5643048233
3636405253
4252177831
4096457848
8103360376
3965706677
225272552
4113082695
639398837
2242627220
1682363192
5481901506
7178190352
8157162642
2145000849
4284133374
1077811563
1170755459
6691557262
29772879
185027103
3114552334
1524250182
254816366
299450311
1488564935
614673323
1422331774
1355564215
416945342
1662648685
5958568288
7937799700
1546230658
7352418152
1811993325
663286366
7032502930
8311316556
1825837989
1240155588
1390797340
552177148
7003408926
1425126644
1940605041
7087904904
5416622666
7657344505
7361442941
5579398668
3586518309
1229678987
6109098524
3936841036
767582394
5445375572
2195512341
1423758398
1764989624
1456024401
3685924225
4274523809
5902619881
207991558
5590951423
5959298524
6927281760
2316125296
5759664159
5610076492
6105176927
7940595877
7007396840
498911729
2325588840
1724203366
1835320391
7501067205
2094007125
7367394316
4177048160
421739328
271664545
5599201635
4263081091
324530871
1157677220
7992398955
6961728534
4586188402
3304512576
3916035384
7012696765
1567623966
6683991747
967312256
252682274
1771535640
6367712050
3266562195
6339135291
6011954060
3159927388
296899695
7213900459
674682224
6057718087
432682410
1386886047
4938877399
8883148443
3301112647
1596074792
3255938554
5548036758
6015437492
1084507168
206665298
2261822116
8194825866
1615267844
3964506804
3041406371
6365696179
8223710740
5594734415
6870610051
6525978679
1230073417
2350063874
6152791672
7350208957
264215105
1286732539
1941170267
2159537714
1574951652
5587389428
2232482850
4566869673
6871548009
4530591248
5754997480
549045037
3802441816
2063891344
2425584089
311684368
7996685338
6262304962
2376743888
8489118838
317498600
6426386997
530717747
317869753
295222487
7870158863
8067663769
1510379923
7111270485
4091782334
2131271308
7485497759
8052676936
5787575495
5503916734
1511737592
8443138888
5493975819
1457090519
7230948339
1591980061
4977694822
1646273438
7991577095
4234377249
7327562609
1616858440
3410773984
1234988716
7330468996
7330367357
2990957044
3970575210
7300639098
2229671058
2004712037
4872520640
5684218830
813988099
6609265186
176150286
4913113072
5733400316
3935505993
2961381388
6263094057
7417304936
6238728628
371156751
7115889971
367269495
256580052
2201654500
4869065135
5475238688
3558008922
44704127
1963899473
310741576
7580312604
6871305458
1512102780
3107347561
4214223296
418690505
7010092561
413473346
460890007
1293344552
8250240154
4369238552
4336375225
7843087742
5560840819
446209350
549324396
5832200636
7130034285
8367832918
1536750129
4370169479
2110417788
4501467447
7444229743
1482388617
6788357483
7331190923
6928350563
3075042921
620373149
7296356777
2867891088
7316995274
1097072812
7057704480
525506345
2228324668
3156560898
4092655614
337074720
5476481410
6940194983
439852538
4316777483
3020669677
7032268561
1323972341
2402854480
2684139888
3630198903
2998305913
1264344950
6169382324
3876738951
1649028012
4535596901
4465192110
5870716816
4854281315
3020988719
1472578645
4139158980
482568232
196190072
7373581674
6220800573
342095030
1423272031
5600629281
5896424906
7739289762
6248896376
4096799475
289267451
4156776707
5650830687
6477732381
6907201946
1701544516
452290855
5450912871
6120667728
7378944190
4462912606
3280832759
3551451521
8142339854
1532961267
5950965156
1970685282
5802744599
7373988534
2289492557
5341777272
469976191
8139016194
3901131293
5996675727
4400350262
1706706839
1786235211
7065323516
3466822817
7569418285
256883903
782280844
1649868095
7580312397
3037420471
5845625378
1574144912
3315101503
6539402078
2126724828
7013644369
5810650145
465955196
4078571314
5707013888
178701640
6846799025
6171905475
472460447
8332160017
7615291059
374622923
7295854013
4729280169
1322123717
1508727162
6819971332
7862238172
264494732
8104311100
592796837
2555794258
8428886325
5798764846
434966923
8195071595
8503800151
552567307
7232829352
476624550
1742278943
4841807226
1213663363
4456557471
2037328268
3960676322
3557519494
7785427970
4130534856
583490584
5506758746
3519257918
474088176
6608467169
1448917515
1322994058
1002598680
4320663796
5754953882
5660336056
7560415895
3701106759
1643365249
2133878000
7935491550
52055883
3684989019
267595426
8431207473
6009820480
230008654
308323691
342544236
8284382856
6980192218
4072611621
8205603471
4755839845
6977992704
7358019618
6044985587
239972384
5670316785
8277347705
3577744138
5877383430
769688599
8070610193
4058489235
29677780
1429319163
5626950486
358246758
3506282157
2112838357
709162353
2872610112
2074647992
2361254304
1808748747
4908666915
1744996959
4167291961
1973068976
5050187434
6796180938
8274985172
3479429713
2243789005
144689368
4327907783
1230033523
2729776334
2003078653
741716403
6421799953
7630534418
3568020331
6954177769
710418979
7146594942
653523348
6775760742
1417661492
1439630007
1394890744
1522824801
6216390353
1318361637
1760918370
347823465
7218105777
5758761315
517517143
648406372
844762243
4374104780
336968545
4854745787
485032512
5970208036
7094572696
1528868072
4096653162
212802600
6582269109
4758599841
6002204297
1538636966
4189408723
5690425747
193226473
8355329316
3314701710
489613340
359828246
4657700759
2856162325
5800581349
7140664020
445800219
6676723129
1712857866
7187451789
204169019
1365773001
1932206067
1160800447
5803453537
1818267020
655091170
7096240633
725662444
7189232118
535008017
8546238356
1318096983
962713725
6901890653
5832530512
2065298732
246987235
5489748817
7223477203
6949980692
2252876918
509498748
277311809
3678600588
1722396143
1963854801
6168479774
705399162
4470159680
5407701025
4728854258
1641110311
1930145368
508480973
1756165644
7746562350
719669918
4195980393
3483786395
7423066764
7035504825
5713824517
1439669741
3662389581
3691907311
789253190
683730354
8559075665
2314392987
273451277
1621517548
1244671435
1505592248
2292656097
344864018
2130488973
6898109661
1457245468
7360662779
300077398
262788904
6942653549
7626135124
1473095917
1082225947
48245132
255934957
4121725840
7609449332
1617757720
1163530635
2215514113
5759693410
988366090
3219907918
1090253747
547816150
4084399177
4155421539
6423864776
6419852634
7054446530
1352715007
4137047935
3146371889
4179200894
847003701
3119226359
6421721213
4347467894
1655583329
8203107613
6915231051
1622384117
5849108938
1216684467
5927089720
977195857
1990901451
796679878
7385203850
5697151361
304752007
1413418947
3539624327
7089115976
404165415
1478457763
7716476996
1800880565
1022058963
1799368517
245648940
4750608427
4753321303
7902843908
1394303232
774366668
1234531171
6719782817
7783447968
1643425224
1528233700
1677531651
578636182
5391503434
3254071448
8155961198
375877646
3946231942
246561487
4051900810
266058255
6935711188
697977709
1489356367
592468901
580465244
7101220508
180285548
502776754
6657855070
2222955686
1374501298
3664628164
508461802
2070645115
334899589
7176955089
53065297
4585551367
4717113893
7932951461
8489582975
7392293075
7998611051
7566903069
1410899257
8514577071
426648528
2015783416
756653420
3444969602
6252091369
5596774015
1541189038
7119249304
2274974008
2138672641
529820199
1265194289
8428538354
8884884075
3115953881
773594955
3958699520
2031735252
8470763614
3047267186
4351757750
2090693792
7337076890
1566138853
5425942336
4195642827
3753854019
1040954962
5801627290
8050015127
4752092229
6857000488
3244620539
4965483294
7213746189
3491823877
5906125964
1455589566
350236938
5876484873
7179028529
1396770319
6856367688
468012640
654585578
7368758600
3468207762
7304684588
1386961495
1614698700
6949220493
5996464910
4784573742
2065343331
8051453096
1131659552
1297125476
584560015
2215617918
8475037164
4581405040
292882276
3419821017
1747712753
298265231
7380096532
1669542866
7448725804
5524368761
296371975
6424923529
1341151544
1389168496
3902057608
659604609
3311505972
1202322008
7901234401
5650291120
1756907295
387409972
1131315997
413752663
1733025518
2158348417
1538844500
4837632107
1459271066
7974591803
217332805
7287054168
5348196449
1465759965
1430958614
6731801410
4085120287
466967795
1299438649
1626938323
2528689498
7021002730
1928699445
6342124084
1145818673
5972703571
2312347349
412348528
2166167132
1339633796
3687720147
873602003
1150375249
5774290553
6268733440
2331249154
488846320
6018465852
8893788487
4546417316
4545454908
610354562
1412402513
5726153955
2366410583
5694731624
7649043522
3318896988
1427520135
207801771
719883486
360428652
5644516676
6344901631
3749179159
1315990190
2115534091
1952262884
1661925997
2816169214
5746513439
7061764016
648026951
3997556436
2894761158
1991799681
1522099612
8245720114
4016410092
496484365
1813479894
308080593
7088238066
461573738
4522876571
4487499935
2053512977
401537237
1249927111
2211019085
712410332
1165545093
5485284159
6877744210
4068513959
778520018
8326433422
413078344
8229601402
7294278463
1523902584
2065024940
2175834162
8197737406
1453229472
7589527880
971759223
7504784834
702403191
6269709722
4207437153
570376494
26564130
4986002621
321830647
3450909928
4222051832
2998553286
1739667734
8212819658
1104224739
340768633
6001089983
7615802849
4302371697
2125247607
1758837884
2265392707
6331775979
7794118302
1793823343
2055538246
495537450
2206396305
1620851607
2609537466
1600508307
7286578647
1442478052
3918166890
5619175890
7818809349
1980083652
7345969212
1786309791
6327394772
352664046
4178872076
7701088179
8394534446
2217064319
1011019097
1782454423
7133059397
288078064
2001268856
499304058
6258130306
2120809624
2237731911
6448446711
6058998232
5677935589
5668701189
596545861
6958541616
8104701728
271098776
634783869
4226961310
2023826035
625385039
2230875020
4563957368
8127075414
2293615850
4309640184
5590332834
202678964
2943664799
369631821
7727364306
317827367
1293331285
5873430838
3966032316
5772059147
6288377929
8284875393
5427487762
5434712286
1689189667
2673599204
3285543545
5592784647
737105622
490994587
6056188586
2236165588
7596339782
316639645
1762601848
6745273844
7369785829
5678384008
1141170201
39350207
2059497745
6020220446
534441618
6790404519
551013385
1900844804
2261494830
584124601
324404145
2144107001
6318899544
4327747883
5906762346
8058885606
1037443136
7730846627
5980039595
6960587461
3224989663
5536169098
7366786331
3898317034
5627730009
7184748869
239682574
6578735976
2167132406
2948462196
1017771186
6901922553
7533882974
192714750
2218733313
2922797372
1408467029
356652838
659565862
1671612795
1427903633
1324079396
2071434414
7165733132
6199965004
3422127290
2133782232
3456610005
468547907
2584634346
8012850785
903913271
1122491592
1677503372
2957569318
6768633208
7530060114
4661766912
6960394343
7489245625
5583619204
437239745
6836640012
433411690
8306042257
1358981860
5998582845
4354958519
364008760
3197227869
2925026026
1254211301
633070304
6151207311
1604537686
8607163146
1432083275
8309737241
1495018949
5728249195
3473294147
336514818
1691099844
1832548177
7500052148
7499201746
7728273397
2976297364
1473894746
248129246
2254611562
7825365766
3032062173
1488947994
4268906031
1506170428
7340893615
2044963932
2650984521
1119606233
7094560008
8392459652
1370958117
214257391
505604055
6364176545
8395405224
6808163557
576870166
1456736865
1158076749
3218147055
6743586938
1548047826
6060525679
6323439258
2152640615
2301681464
1193941089
429403957
5803574876
4344375481
3726386201
1677722615
2116342956
5969436602
194729846
289272268
192062201
497339903
8000638003
7260457683
5080685315
7112931595
7557896699
440708346
5669281053
1485229308
6750457188
1564506716
4214519588
1941150274
7879076652
5865717305
6657136341
1686164416
6733311049
6076236135
1562494781
8041547490
1965079435
5556519971
1788048796
3918268177
1469265565
8435594846
493388250
2352020871
1814777412
5597297838
4064778239
2196565659
1134751512
7364835304
494352968
430078583
7340335675
392874662
5645736946
6963502829
2077512498
7442989003
7458117030
8406698096
8439486709
345053354
4768614151
7549096850
6799945060
1495408098
1393390825
5886684622
1959152569
2282372310
6307741817
1153964474
6623756181
1767992056
7434171047
667288543
3264424282
2047228095
7626325699
6683863742
6877853661
1203025323
1690827429
7145654422
1316203937
5466853496
1267136773
300130083
4966727948
7347183820
8384881711
222939151
2027870052
4560391801
6894965393
283784790
413175083
8088936620
1806567833
51278818
1995867861
193382069
2188870858
7153483974
370695765
1119178084
4484064588
301364391
1434472474
1676397339
1716984442
3254032370
6770136805
210206114
1623218587
391129245
1694152455
7881190109
290242506
1303113085
7215288169
5571087198
1298487095
8261237574
4115047341
4097428482
287815015
618806353
6023044641
6083155707
330823023
1966495759
8071968235
7632607535
1503936682
1637469767
2148983976
575808089
7963763881
3100750978
7301785873
7804537027
416325545
1684412564
5769854947
3572986608
7754253679
5911486336
7985436702
6856338251
1447661317
2208996477
1198934056
5847386691
248458263
1483107129
2091704076
6813960918
8430994892
5963380489
5310158677
5546428243
2177889345
6361606257
1553638839
307553426
1285647645
7965949094
1007630796
2087078672
1477575638
2230783107
2273740706
1604295543
7959413043
7038764611
2225927273
1584435914
239653086
7387267067
422614025
7347503840
6987780761
8275572195
8281980562
305152496
1536449931
7060166446
250444017
622332616
7820287001
7546390223
8431985632
2120236187
8554972908
7924206649
44566164
7414076299
3193887470
6829600626
1488547293
8838036
7037822128
3514651735
1367681655
1090652580
2192298623
6684433393
8932836605
607737823
8082841984
1823434636
4732270603
5646051252
6866128601
7930334407
7492453923
5968909568
5538208136
1277384623
6789611826
3112421429
388650841
8892932766
3558213198
2041614994
1393733836
7286556918
7618742627
1772259423
4391643421
7753143499
3509671033
181400183
7562385155
2009331848
442787091
3995304512
4267546769
220974196
8462651839
6782801951
7945822081
1206267917
4518703870
564638546
1543030543
5935885488
332015015
1447896305
769692233
8592828542
681709473
7184072997
7491294762
2954451751
7329994168
1146405084
6162683199
5615321475
3682082081
6933285823
2188317133
936334316
5929802549
4761589084
8271287640
1052962188
54605078
7377196240
4191781151
1454848164
1190696982
1017101178
1363182367
304028569
179670214
2895815391
2046088924
5701991893
5730321892
4393997511
1538073588
202113097
7906596154
4847561092
1556931590
7310027256
5533118389
7922506440
1436596538
4046357484
692706512
1902126838
7939039842
8132341155
4276302632
7192935986
7403499463
4071690055
6687838315
1508150235
1383914590
1491101599
184160131
5663491153
4758993815
7595778353
7997612059
7160513778
7356730759
1714829094
6077390857
5989983956
1156282402
358886362
1802946006
1658514899
1554260904
1485130941
6182014161
260352245
5901178266
5635855312
5051996822
1463394963
694410000
3233748343
5458479781
1555120442
6143390316
2276987844
1432003405
7217047476
7389928692
2352288095
4166264241
594104438
7104986102
3561332210
7303707916
8075929658
4289755121
4075180852
1510416077
1240298183
6542244060
3988872433
8013491327
557782280
2537244278
3959508195
250619577
5422927271
5848498570
7293672200
3407596165
5416406446
2271409831
1703516603
6274352783
7857428718
7082880749
1553646666
4490809087
1426932470
1719680076
8028734131
8376877404
6861752005
7922411180
1289720573
1409968122
1441962884
7781801594
4469403313
4103606194
239846190
1033095289
8101271429
4317929893
271075914
1509632316
1432136504
3909590026
1910003640
819622434
752043289
1571694918
582804281
1775634180
929390268
6037113551
3230979923
5783710653
1713042758
6964281795
8235302296
5938174208
3931457226
1391253373
420642097
3559178860
3583558436
2250817693
1410838222
7578777574
279470373
8123905491
6653554100
1526550423
1289204020
4905195003
6886868982
1131329463
5820884051
370364706
1448193284
2537918557
1436170724
1283208344
6629807628
3046830606
7951680392
12952695
727075470
7416254308
6827298394
6037477206
2358391071
1552661566
205208183
268023958
481268683
1639851125
4684720838
8312408079
3041648047
1244429495
6793928234
4533635878
4354851387
228440278
7012613227
7631166837
4283249547
7130568986
5687487718
1627626475
8557917229
2302582943
6817798199
1618922694
4114176595
376278730
369445905
5923958335
1425698777
6911468613
253084915
1370008491
8196266498
6920002575
3167969641
5521237562
1081871280
6045691658
7075434847
2350702454
6929429988
6061117594
1399601747
3538416259
6346293367
5484544550
1454658665
2295739051
6664846440
4865212339
4050290275
3890253587
6655031383
7295101496
5599663849
2907701943
1524019174
7099580262
5754222440
7160419003
8377577164
761640339
12914780
960334921
6973241134
6960933356
1903405601
4475456986
1997664340
1681121034
1932321696
2157838087
426381815
761498594
349017641
494073809
5511878172
5471832205
5761700210
365912698
4563908617
5943896278
4480679378
7547178435
1125122033
851635769
1547102935
313587886
2300424881
1434889911
353903146
3462872294
6866026044
244594662
3005056594
4616355647
455681168
5549055885
8555396109
311520449
1407500028
1002584529
7515152718
7766018903
4481990636
947562304
8327343697
1456963608
4507386418
4346757597
4107021713
7257222468
5416090655
3620336499
1696877663
8008674751
4634382033
7626535785
5862951455
8149179473
49413292
910320780
3511580921
2234416100
145892079
307408497
8577041961
1535273906
1615325286
5353015411
4030901462
2317039608
1174377815
2293271590
1364683698
2943869381
959640649
1434137375
1933700175
3017618210
6682537584
5579469158
462312308
5749802824
2044880580
7944834393
1322119497
3257147619
667809084
307506882
7601316164
5038717291
1427101392
8469479383
3916889965
8194166718
7871823215
7029287540
1451272858
557402549
1649535589
387548726
1092013158
6044638028
192472101
3324308089
1551221848
7174447250
2071333037
3565646545
2025242102
1313659118
414987620
4036847980
6875958323
3411414427
2010911618
7848856989
4037181715
4861700722
3250557484
3204184520
1616725359
413878089
1477988176
5621990750
6840981255
1480397120
2334269731
1916106429
4628066846
577768600
277072389
3701888463
3609063634
7153363004
4543547531
7782188627
2320276163
1678514577
3695145874
7524234108
7443276925
2075260103
8234374940
5417520675
241758533
1591637845
1578916417
6973632189
1805768770
1594624763
5634293190
6461113061
911743000
6620720503
7062530523
2206803792
1326234741
4063194664
1410311730
7123608445
1490116573
4108488857
6973487361
1147223070
1188364095
1367174970
7686484898
5517567816
6009890087
6749271001
7522046750
6063810150
213148558
1267506553
3039727111
1240874740
1820612936
427751894
3823494132
403507506
1036549296
8144242654
7741358435
1405367286
6233730300
2228596449
1414647598
984601405
4641318414
6794598529
1293883549
6177212777
7427243251
7485915643
2310019488
920797149
3259551275
1791810540
6833665464
4788658837
4093835289
3888799032
7644064970
6042215763
8249009910
3095909121
676356731
855563438
6814385379
1615379851
3072410221
1993630930
319123791
288870952
44670963
4400406497
312254597
6071320976
1559299573
6705364609
7636916056
195475745
7974914381
5631708492
8597779198
3104903920
307426657
593666766
2266257834
3932421335
2057685635
1432047134
1457234144
422538830
7060562234
7896409662
1296590026
8560928712
8338017943
3478110153
6369830908
3172015459
352829403
2371043143
6884603223
2291703824
1220997662
5493049398
2013147953
7961058006
2352017947
7595709766
7879500
4075890093
7061509055
494809219
7522920069
2094244671
6057795884
3605769600
6102560219
271105074
3435368691
3163282797
4781762489
5451031059
7747123392
216266357
3690298828
5531947504
3175718665
2323750466
1515734529
2067739385
4978511664
1173456892
4066257073
927935171
1443671891
3533665952
303489382
2358063222
560399135
3182643992
2136409690
4741372861
3521330562
4347329706
6842408966
8596567670
7270413338
563688102
7047058801
3122550350
4981085467
396968091
7155828449
3136764296
1305757261
6844719544
5977877598
2537590184
610894224
1706504779
1393671674
1492167825
809297846
8592234242
830216282
1189411922
6877703937
809865920
5417760376
811165090
5976402600
237564884
6176108801
696212632
1582346447
364454072
8011901332
1992560102
1328462811
784028431
1559900793
5480306297
1350453073
3263377842
6805580090
406441392
2135440952
2186206640
1388199518
276176394
979293402
7819554885
2851051274
3526006861
5903949320
2182503469
1739897001
3523188958
809266555
8189753513
1623655965
547420382
7859742013
6973128163
632750347
8074380597
6277875773
542925829
7146268832
2117340763
396334666
1909717976
8475898992
1974995553
531781509
4270113000
8192178878
8168607740
6726776800
6720233499
471015197
216462991
1519382904
8588085899
6121372525
424244273
4076773763
2459283663
357690625
32381692
5327247014
1160743148
8329287696
2013236334
2272776179
7557950974
336776192
1479385131
5644770196
5972900388
5941904285
2259096452
1395067169
4780245422
3502006943
401565452
2975196506
288866216
3290565162
4295880027
5398264666
509943121
8071324620
1560597487
6965158496
3134775523
1559522640
1556504799
551219782
7881933791
1042292620
7591936849
8101503107
7743884037
1238090111
1776686610
1304093056
369452211
1139845094
7853760435
2260904363
6173215455
1495450502
7499975393
4143236989
7435750916
7304687505
7219503927
3515159006
7999490853
982323935
6684708920
2260318093
3977790967
6922737329
2927844934
2060750859
7715554007
287124644
6662354558
1682537269
2125765090
1942722876
6751428001
359787236
5579059971
405547464
8006719967
7094274591
218331213
371239901
3309848580
1368631061
292398637
1169364269
444519345
4741124792
1906480854
1522256962
2318908134
2046833243
850463564
7749372749
867798298
8498762711
6062981729
5904216792
8151267071
471093141
281838399
222538372
7281530248
965476612
787549763
3443741940
3215806568
8434303985
1506403364
6979112187
2360238086
1204983943
1173995755
8556949165
6987341581
6053668245
8155830993
2265809991
4557653705
2446789727
350294982
498459065
2188903063
2235017668
223918417
2043698582
1245664269
2258825263
2315398513
310746593
3132289780
6106063645
424640296
1509545355
1447004583
255764956
6062024236
5839058672
228813892
6153726456
3556159719
276468754
3903211738
3421056550
6092216546
528875562
1514072705
247498927
358885405
6969749229
6339136611
5148643713
3254720065
410752222
3613857925
8279039427
5374698823
5701151095
37395555
5816238378
5619738830
6366985373
6737761357
810170728
5432161463
1636014881
583379442
3049397374
1461116465
7385861380
5150927819
1551943528
1903470656
8563543978
1583117985
8559325879
240811774
5431333390
8057244703
7344493758
4280374114
8323860364
2877741231
1580157989
303945636
5632969174
5692379931
39497024
5581951698
6952613074
1203073623
4189429259
3046082334
3032131329
6813374341
6086731155
1485150350
2953750953
1955353717
497074132
198277492
1719307864
3508944590
362360349
2091977294
465248134
4323332176
1314101719
8298817823
6002744149
8393667353
1144202838
1649028986
1107373153
2265554966
295781649
1531358810
4101472633
2182538079
7424350765
1448413400
8269650626
6824129500
1573097128
366587942
3441443082
2494811571
226745976
5726567600
7617094452
6985481497
7531548215
6936894992
5883483178
7399096698
6466510946
3492803633
1540712998
1022537485
3265795843
490717522
4080805266
1553048972
5379892436
5496095200
4252332110
5586414943
8472125482
6012661418
5831675646
8257772343
6415258620
5642741373
1401783588
1473197489
6872721413
5351714405
8420815127
1819271897
7009259888
1413181822
5663888687
1288956302
3619531785
8205063453
403511875
517766234
7954923209
351513091
1143750099
8380140483
6257175012
8531583184
6038483448
3506275727
7424110682
548296449
6245423294
3910024989
2175811298
6201782358
5349185719
3144774616
7881679662
4919297935
5362883551
7902815956
4593387557
7423307760
8496832653
618167624
7404587343
8121414205
1208549294
1433793836
6983535662
8371491923
7959482683
993955712
8299819994
4072661969
8469058164
7372668144
270894844
6450342512
8368452808
1698630715
381384813
6437211388
8534684069
4763002233
1596511066
7833839155
1394085061
1706677077
7069710035
1503602836
4765117606
248106281
544694425
7334817901
6864130057
1931039529
1067212742
3554364717
8097445910
8045149888
7610237391
714265447
1655975442
7137844129
6214273717
5663183967
2257484571
1500892341
6561940676
1506400983
7710226072
3474071292
6871172420
2287184086
1715381183
3694945866
8562674981
5479299554
7961910079
6970900029
6824674514
752630787
6212948215
1918031466
5803801187
5654711736
1170325981
868269990
2464186796
8153176890
2231684845
4227346512
3036219255
4355348276
1143182374
8217456038
3069489531
7265073841
1397593284
7503147532
2132960946
1529605156
4305568973
1480490135
8259304814
6896526958
276672745
4245542033
6895342677
1700835019
418234286
329747256
8906844134
6346562297
180822378
266088729
904507804
435264587
3851410224
378697471
1347496635
7701187332
6338151000
597684416
937912761
1215712435
2103946139
1595597948
4156951606
5455586329
954158666
5791270885
5572013455
7314852093
6078717477
712767160
4254915832
8069066098
5602822676
1472720702
375574937
6929167287
723855074
2288056242
376033206
3125399474
1277888956
1794352829
1695311895
6989318300
8184072684
1973122692
7274317108
8502546601
7075415638
6084127398
1437426959
28724763
2356719724
7331653427
7609650946
658199585
1095728237
8192243416
4204941664
1394989802
6946244022
309427913
242622327
7363019148
2219097370
5844459909
6016582999
8137642648
1216107790
399044791
6678277959
5727756362
890719780
6835065519
4679262966
6175448501
3597002460
1834247413
5665134924
6337736522
334694781
1433168047
175020081
4608445826
474399514
5624298611
5350446952
377098128
242613145
5679249757
403151720
1566044179
1322614769
8465594157
2336223017
598682646
3763832453
291601286
6985000324
1154191659
8168289405
2379424937
1635346516
1772033682
5545886941
8516756854
8021808102
3285058204
8135989717
6002808068
1474351503
4397639579
2961537730
1074877640
5355607362
1583977134
2651594830
5600451242
1993921904
3890569284
4345318661
7807951556
539737358
3586500614
8358913927
3422550357
3163390396
2865434453
1531490296
192206558
637091343
904664310
5731570960
5489737740
612271495
1412920731
8197286831
6972630517
3097394047
7291381527
7533468898
2155001699
1682496657
226204288
2886141916
5557558709
4142747090
4186991719
3255605748
2044275261
7282674178
7332550617
1131317340
1755239724
8331013107
5552997031
1285850359
1563920940
7301752435
7089820378
6911317656
8382424814
225067803
8033943892
2050257721
4081044158
7746097686
2001856736
296547466
375587018
43591000
8270354189
7772392295
6314778621
3632486976
306182015
1102325704
1107672019
5343779441
1537155863
5536815161
6244591961
8885708008
1696278797
5181257793
7469296635
2044242039
8013852810
2882171630
1137936877
4335382342
2990983031
6200769595
9250339
5754476728
1754954451
8515607992
1460955649
3582625120
7724759707
7292833552
1667011597
403291058
7857891899
1453175825
53163710
4995935289
5789162844
308878275
775012394
3561023584
5934190852
1579330434
3468139532
622153936
567146631
7179686788
1952657668
6426047612
8005901649
548465582
38986290
1768138122
2022521040
7404095748
951113534
3590269350
7441016338
1582869681
426724310
1475011691
6229524759
7446616755
8317069958
3691857572
299346690
5753763217
3094694322
311624940
3079792873
6231311397
358419718
1574634390
1930542980
6355062327
7940577815
3453357954
3034571687
5467891799
1609044400
8401603341
1985907911
196887567
375740486
199594782
1422394034
5579681445
7063715119
4356416811
4849109570
6303862696
5780643079
327850266
1660976362
684408666
3600028290
3174496571
2004042186
5921794666
2349481564
954487915
1711980671
4065422632
7401134939
1498944988
7581336551
7385347203
7493177158
4212980559
4673040071
6576813183
3426216038
1615250487
4538319397
229464422
1611671114
1593305569
4457457861
24506530
6993538128
3051041489
4133178347
7304477516
695391212
1382830717
4861963079
1569177193
5529224635
1282349152
2802643089
8443820435
1460845979
1428716566
1598588923
7581295890
5549792751
7731268804
1814419723
3933169819
6868893160
1652462131
2271189954
3409762670
1689019907
7640707132
2071860693
6301662877
401035096
1988031064
1830373929
1595150962
5612696227
5936451260
1907650040
8418283675
1275610646
7425834387
983462023
5427619746
1094611260
8119936405
1464587870
1447891655
4808168498
1451885932
7127758470
1496411904
6336068394
6040301472
384323571
4523266231
5801309717
1934098605
3732697992
2284978996
189565634
8255135873
3142938683
5559648380
2030963860
6593633650
7097450389
4289282012
7587057402
7296167346
8048089001
6839889038
7147720331
2070752045
4542318561
7573360099
1722355847
7280064942
1367275540
8038831843
1166620091
2005756774
2313345347
6261994058
5485062800
266136999
1822976319
185836451
1502065056
528832474
6939059540
5996403074
8201186648
6760942385
2175801861
595678395
7305105911
2334625892
8090778397
1174083523
7158808059
1301453387
5690197531
1997698847
6770557479
8401192987
4842028845
8230698534
8298326153
4359848747
7438944737
4777625814
8445209875
8271758667
5566854296
1536056350
192889980
393467198
2194758165
6644097938
8175277937
4678464684
7118677564
178762216
5681619156
6935902072
6851171910
6111150361
398189645
7491936898
6161804840
1580221595
224134468
6153978405
606865877
1557413425
2985889491
7705097195
5577839765
4210719329
1442669066
6121384547
327864192
609070546
8190691405
6831909895
1644877975
5805672850
7885130490
2325494391
2890313395
810916616
3020099233
4271624431
3074690979
2108670205
4028424203
1619386663
7631736071
7106891679
2027602382
6690635857
1563674289
7326991052
261518692
5820668805
2228613773
7409086503
3671353638
1580665018
5316587726
2437149784
1078296556
3514719534
4220978946
1464332157
6828204846
5511966765
5196216842
2727902673
1520629663
7730285784
300073124
1495011229
484533179
1399730107
6913181552
2280340645
5884299580
6676520777
3540335142
284558999
8396824573
1216317848
7439382007
894737126
198252981
6376202794
3210005650
4509423066
7624537892
6831340918
2251647903
1693664918
871161807
1490064980
7228135274
7301326213
8406576758
1691789476
4099187787
7148640765
1985032865
6972851859
1997263216
4326377012
5973079394
7769565589
1631048922
1150626901
248731675
2219361786
6900318554
6796877723
3677611639
850392478
2277614818
1775039496
1909113506
4057917364
2023685752
401277572
1464389288
1646876109
5821812741
212199364
269187432
1415206841
531438417
6256732601
6076737777
1184769808
512526938
6431824004
6932645759
310629863
6443614956
1959039290
7563798221
1595904984
3406021625
6006925508
2139389769
1439635571
8557714387
7365941645
4046972607
590220836
677022548
2126119074
8142927179
3119292021
394929839
3463818594
1495660894
1128241721
1160404487
6671876955
267346953
3161699510
4013361145
2249766715
5837174353
5501664282
3085513879
2264302057
7228858622
5821021566
1583644727
2073817477
4694952042
7385093912
1939889997
2092141303
253323923
7048169455
1560405100
45147065
3146730874
4778018455
309270278
2355933422
5871606210
4392251939
305705204
2164078045
5610590815
7884691079
1903212836
2015642517
283815043
2264776602
6878736281
5426188370
242360349
358575322
7216124775
3256755086
1240795134
1678933667
7445843085
7434731551
1664739955
375963290
723180867
2864723181
1426687712
1422376934
729017559
4367752892
1943159777
2032699530
8133339400
2845640658
7856383625
349266902
1150161887
1534615366
327197420
1620966885
4928386372
1433203230
3088416608
3882602383
6642278733
4356174632
1430565395
320490340
3613589852
1580807715
5454262105
8229053146
4427789640
1908493231
5586901148
2210396611
4629653364
616155587
313679950
7348568370
4632615429
603147008
8103672749
3643658622
1322705703
1900239609
7373225036
3250898644
2555503167
7123387419
7922842761
3052322136
3625790096
8099080779
430016010
144096239
7185260893
7208481456
8174330593
2941072234
1565780444
1806556841
32429422
7946703509
347804890
6902626157
5536050793
6206691615
7602837434
524003488
2205301604
5921897976
335791519
2207445937
8363526231
1595242998
3592967270
4207486234
4918320994
7186320423
7081842603
1954474022
1297080421
7033010241
1635181317
4028164760
5699549631
243510879
780351602
8354356887
3317125738
3289684499
5814856263
229861546
7912691281
7651836075
1602030145
1938321167
1905487426
278564727
6954241945
512123073
1507538849
3247291091
2060638575
8160921161
1936103485
4640869882
1387560212
7699941472
8562664139
1954524252
199983492
3288248303
6750697309
229151453
1690835060
3149319814
779267856
8394811390
8290337556
5493073793
1524423150
267828946
3595761528
2127707509
1927944371
5526103852
8320887464
635102300
1101232116
1024529496
8189271169
238583850
6358932905
4061644784
938495262
1175372296
5835570055
6889352238
2941283080
7058429888
1817780448
8197311377
7211201410
294565245
7718798530
237850189
7724760396
5771716133
7351462968
1471936122
6807875657
3491996914
1559469422
3206236272
7208736758
7173397428
2138246715
4991305146
552949476
8090862894
4641099152
4752837079
1368464040
1431073935
829071239
376454309
3261190468
8151408821
5610208609
2367571471
1473146834
780034418
1306051977
6002223607
4148214183
4537833373
4780286046
4785742549
4734296088
292983578
3255959258
5626304344
2211938308
7288106448
403620173
7809978746
6827399758
5348068533
214513709
4482105330
4214887195
5452137958
5667829704
337844927
7899545023
190753318
7328203931
4665067723
1512828917
3474019894
1175509544
8169280140
2268365611
1940146698
6866614308
5633634172
2353163655
374804549
3886645132
7453204058
2979367415
1427000016
7726924271
227993441
308746412
3863931949
3181246926
4266535491
1162384234
5896693814
2438977574
5654933620
2265872812
8483952784
2669484501
4234338053
4503902700
405255116
6752674683
825739772
1554565797
1393400914
2298514601
7433429879
2004494218
7313407783
2744433992
5947127103
1332186120
1656019998
1341755358
5576692500
534469810
3146600812
8009306886
1540930078
296278345
1635767647
470201519
2122204503
6379489622
4338457718
3937040706
6691401571
1607253211
389794630
5745316787
2039311372
1538785861
409195347
713610684
276234903
1301215170
2327161984
5986721432
5968159317
1680605335
5699360820
8462943525
4459952448
1700619142
4968170841
281096169
379952686
1504684657
3693709179
2314293660
8597910953
2207519207
4545813931
2307024408
1755298750
7854282002
1587396203
782357607
7166589080
3611697213
1146903233
632916500
8580335559
6901179969
970579786
5908985374
1118956023
3408860364
3558398290
1798777634
3562617886
685035016
1682910344
3251156195
8023447007
4255986588
8424996424
6159952618
7373586770
6940808233
4584650798
6153744723
6538369161
4246676369
7879730534
2253699182
4477595360
453839035
7119868728
982120673
6106460964
4959667354
6135264676
4517364407
285945952
4305339149
888900143
1382936431
2269774187
446446896
3116070913
1252248637
7765761549
7332124914
7228564752
1417698623
3321147892
6909653012
5728315315
3515294643
2160095229
1043434353
1666353739
6938684204
4546914318
2022811076
1427080622
277478883
1258945071
22516695
1571294713
1174128932
4135752183
4080717581
1262235250
367527956
25864203
328328374
5942619329
4319878273
4707917727
6275527008
7831564144
6533811243
5956418436
1291623862
199846460
1654643558
1648440913
6345561851
3610122734
1510222821
544322511
468743774
470001997
1647283719
3058683055
1823574529
7359455006
4573392467
3258796677
2231836221
1980903390
6232381909
1601637998
4523377657
1827107167
7167594272
1017913681
206694877
612898682
4620915719
706112478
7210144216
1594466204
2402259789
3791511091
1997035192
280564533
503267801
574497168
4485714481
4861547168
302266428
444737967
1833584054
1654468751
4163305504
381164006
6631727131
1166054662
2328664324
4326714170
517510106
737786825
1501428497
1447793255
333036945
3163503908
2265919319
175083944
579370394
4219283366
1127870722
6283521367
598577499
221113219
8064699299
418866640
6037413866
8102619905
583972435
3246171417
7420231387
1529549689
334012908
6165562332
5420950932
5407673458
1600580252
1672449337
7944433704
4069736729
3927258568
2278183598
5459237932
3584425789
5410116295
273947616
3582457824
7195502268
946858489
3724219072
6162356970
7861264458
301448204
307393884
6054664531
2299580210
5799135399
1230033468
1268243730
4853064243
21956045
17668626
325690243
7125570684
3205589107
291517376
1493012131
4420797941
8334970997
6062547648
1507126056
1636865869
1357471861
1475949568
244533921
5694481136
1662941566
1519218115
3608890854
3671359849
228022411
4036788516
42095902
2994697585
508588584
1183929303
3402501411
7658578277
4146203432
1687888104
3983181704
1823426467
1527756755
1973337281
1628801287
563631193
1458430644
5543030620
8190017831
7352492579
289851178
4063373166
5676426478
6988995698
7344236851
1594777526
794961925
6832086641
1515100818
2237779490
4052435040
7221414763
6445983790
253571487
557496517
398151037
1297012812
8356125567
753139653
1956757513
3525526401
6072713445
698994728
2194659592
5651818154
196104660
1589146943
2336470639
8587893695
7558510683
145791841
1018598772
1745805885
1686291693
1931047883
5492502022
227825123
875004112
379145614
539847112
4391608653
4591915089
5697990505
973804178
989796428
5998810407
8087554794
6713878020
747865055
365437842
1382240806
2135153529
1274401805
7300494047
998061049
8275581613
2084540054
321815454
2059504102
8239020431
4979178617
6824854137
377100487
677850118
748580280
2882933265
6650244884
7732955751
677042462
567794362
7316559766
582032295
1293016672
438748146
260635694
1596550163
519060192
2089287741
4938575076
3445093621
3180886025
7479391704
1392149097
6037619483
546640257
1762691456
7081217312
1417171666
8093829977
2109785103
7189319494
7321176457
3194866553
8414872487
4106630832
2954546092
1564810937
1833757996
5776160820
4089193571
4193816666
5991375542
1728647575
145524967
7373940167
4533929032
1741208644
6900372529
6320814177
6952866033
276021039
3045302053
6781467703
5497144326
5713851460
5350699438
473021741
1818356248
4394462703
1343725246
4713801618
1967349561
315574197
3619568735
5382257221
2209582053
3505968136
3881938070
316997049
446148341
191864211
706826824
4573874228
5584488383
8387388421
9020534
3609813137
1751492068
235006902
3515914932
5793133678
5409712056
480920920
1523161840
461217690
2249036101
1587754865
6457011969
6971564830
2407440516
46305654
7685790349
1577407573
1365108732
1549115727
3531249836
6995862477
4139460072
6987762070
325476559
5784627144
6214824111
5665141955
3261028174
4543124230
4194622051
6272691679
1581765570
3588920223
683653667
4675258376
7249240839
1329186314
310231274
4586905947
3194001446
1969885590
1009735696
7711875410
720514967
7369590934
378458108
3008710968
2083788848
6099771279
291579702
2253641
1760134956
615084151
5885461590
7189653743
429253198
6835210457
6835643035
7287590346
7078078777
243998574
1449455710
3617845171
7861238084
1533596097
4058619423
1190837012
7288763795
6725669467
5881538262
3066109089
3974707969
296402803
1699292510
897748865
2238850446
1143163397
2274382634
1478931634
1646967457
5821160322
6340047951
574471107
7534692946
2278475082
462571641
759303856
38005818
6045511621
1917480941
33333696
289744551
1237755346
3659818346
5927001228
5731795024
375814868
992719383
1471661450
1580490619
1822789734
5311504893
5221928541
4321008808
1956488571
313612686
392895816
6250006362
2285609278
3171470831
4852091575
4235578632
3308378018
7094287925
6741470502
501157240
4368792504
249025364
4063173733
4203027133
2527386896
2166609697
2918320003
2232803730
7171925346
7127635069
1092252332
6016996306
1937454325
444640973
317621434
3171068726
313593208
1816224598
5860517504
6908157829
1403769558
540179082
194127685
1600753510
504040168
1534654656
2868330190
3436007749
2063677833
4759146616
5515892204
1619898971
2201127828
7542565513
7137640955
2521392016
2296981315
739107819
5042976796
1407902390
2207831160
2056410319
541484134
3518463327
265486276
4830771823
233016468
1988971507
295304885
4266142456
6510620508
8261191454
552141292
6206335732
2119220803
2225787308
1078231753
2979377030
2315428560
3600080693
578763768
2015730972
1609992326
6443147227
329801104
1245398921
491782318
4342011322
1401776615
6041593658
6580221351
1199381218
428651618
3459900497
292577501
990195137
3518107857
245713763
757029464
144703599
4194741237
5766593198
1955507000
1357772852
1791130040
3627301575
1716434162
6886108381
7917649824
260438080
3248801303
5768938736
1290865133
1434173727
8411756320
1926510733
6664977687
6078064543
6695933888
5708460072
657081065
2316424446
1483183495
1525019764
272347043
3247287848
3725691289
428071657
1934199778
278550486
4117114581
6911367769
5611947136
6157285341
417433626
2941041483
1249839593
1562895904
5352510792
5218586764
5661194470
4803014184
7313452303
828334382
305229520
788792650
7113116166
3127972991
3041569650
1281753805
1342402804
236992850
51270676
1530136495
3106806518
1185659441
2283190991
4591771398
2416656224
400675723
1323205777
273105557
6866342282
3248614564
2045640787
6346411104
8056479704
223884941
1470178088
6493228083
4329469116
530207454
431227262
392099389
281389504
4681882938
392410362
7438696168
308168284
7719739561
1353348981
2881999704
4424623613
1535154141
195395205
194961559
7601699037
4510027796
1960821055
3956519571
2263803040
8048738002
2114133330
2236504841
5437074371
356848162
177574466
5732165970
145836780
312233982
454196828
8230804733
6641618997
2276609888
3940318235
6323208061
1651350181
5565873024
3525404003
3263879962
1381771719
519146153
565845293
2245970208
5622941312
7189188103
3449744937
25000532
868273566
2935882464
3526901402
588808724
5929440295
244564328
6805160447
5588693240
226188295
7070608375
38181216
7159869542
4913234721
3172293817
6096424375
3582349524
1232152705
1102011313
5541681724
5859703280
3947364902
329914627
4842932215
2671074610
7500092685
3465442870
1475465532
45027349
4069235184
428349322
8512026893
299391396
1029781079
563423097
606903616
6535148945
2309488264
5417656749
5547013946
1423859280
243369342
6109387067
2046830415
2160505642
1577315331
4465407454
270895419
7136195634
6866008534
5358835154
5540067168
2982573131
339659087
1240649774
217443122
3037091644
6386556196
7899094054
4202940560
321979580
217121402
3175898906
3250773801
1415305311
1513931038
3597186610
261226885
5994286419
7947242664
1968167620
4255122228
3576217448
6098056166
897293209
3169545744
607883777
8049464628
937516451
4323063205
3941642924
5804998181
878843701
6006778463
8013142802
2224854468
1345384701
3106736924
544314757
2337317508
8468932061
3682701383
1424426650
6875255662
2122888034
6974135531
1977346657
1438447673
1906266959
968275115
656639889
3191157586
2252191016
572948847
449788700
4429578395
4268706894
2051526841
237458766
1384763817
852155733
5895813925
365921533
3924711724
1665247542
5572241386
2042657658
583034376
432577617
3940087672
4860731512
5475543747
256571080
373564179
513102400
3647085120
7339210607
539978799
3110588266
3274215566
4159084292
3253690459
1416415550
5957671316
4218628189
528764246
496330235
7146801585
518558310
1257260082
1811163921
7339879967
4540079537
1116120838
4843360488
1429343864
3443273080
452695067
3246083303
453297093
5739263992
7581881010
5576422269
4295901161
5916095717
7312918031
1169658306
4210184880
6153807817
1193113564
498544795
644272147
4269496280
3125624370
357742287
1700595373
959680060
5117799484
433071131
436354156
231675268
4093110808
458523389
174583927
1753417707
6139719564
3128803403
993924837
5525239489
2259011943
6281771413
1437096203
143580559
465889246
4170826120
4635655670
7850920434
576867942
1051334174
5859967360
1322369019
2025112258
788963484
1387210031
7213598476
275703194
4300323099
374980303
1667218549
8438269096
548369967
246664923
267184913
1697368894
6586844805
3002855858
758319176
191956349
4578215470
2148024794
7148798896
1450733464
4211241226
492329598
327125096
4470236212
7669288971
2043957453
7915103040
1247064304
2976297214
316162875
1156846995
6927986215
229642548
509873987
1636072382
4285219049
609235141
420509069
2264726420
4984208463
3960341150
3244920607
199442469
917685299
358313416
4374865357
322112166
1318001035
331308328
2177598226
1476885564
41818980
1585944095
6887350211
3159880107
1736385486
3429626512
5996495288
5700304709
222213760
3671709233
1048945214
2287711137
370410080
6824701391
4182213182
7546065506
1642495289
4551922093
487239486
3306314952
1042070474
3148941689
7131455898
973247407
8139896177
4651510471
3251555422
1094266634
6243263910
3686775514
1505622832
2126485769
2309402632
4168749685
5437149847
280883528
306270434
422787344
423408976
1630879328
346944725
814323982
1434341375
3561454102
256789723
1367131560
1410731673
2292499738
7432281249
1101691563
4200403806
366810985
5446460071
732872340
4823225768
1815153204
2235250188
8391215485
2307036056
1520896121
6440030178
1037569609
7203111976
205481936
3020867673
5962256024
3898509265
6536877804
3493198257
1530257350
8202379342
4917823003
2907215365
244308725
3194727331
2459989167
2171929449
3234219573
3908491227
6026203126
7032923963
1919227727
2090450607
5532920581
855979520
39730270
699573516
1404456198
981010835
1466758276
6752156898
508423476
1321869483
2191822394
1596869325
48128718
6693806697
4522741784
4146819601
2034869934
929898196
7327039555
5395569051
5635193993
6767206241
346071655
1743629588
269716254
8449774019
1401829275
7041531389
7455893521
208033953
8230028188
2256991435
1271591700
5646269747
1691382107
6487862941
3729542417
2308110956
1669057929
1468538553
5919716446
4407429382
4242966582
2051277006
2011281338
3409212760
7005529065
437175415
37321869
3873991197
6979285792
220819331
4052448895
257443049
7458364374
442391848
964977194
439068875
6106887385
3136014083
588122883
8379895171
7382295045
1125332464
5378168513
5862052474
3439918205
255862998
2235005374
6089054200
1730887335
4810685796
2131477152
6658270098
5853760737
4269461904
6423912262
7283496851
4042365138
6222501451
815144081
184950626
5856429140
2961812179
3656329534
8081034584
8202068704
684689837
1501277572
7412447469
7567815277
55678686
8097977141
1580932287
1470493087
3958327026
5678096961
1783510682
399169321
1945920591
618434499
1530676191
420593995
327537529
4261062443
196739799
1433001155
5847436989
879835099
350068864
258768399
236132274
349241510
3572349083
663579404
7558259637
2358062229
8434365347
8249617
4535944638
368906719
1369015001
271354374
3944182235
1154108895
1232976112
239252138
1134482155
7933696229
4889564567
8069440359
343835747
4135359528
788095700
3853364430
8160952840
1098479247
738444399
511977633
2267124764
1211088476
629118684
4296723426
3216128594
506728823
815624003
960193695
1065267364
8475704198
420844839
3894817505
1553202983
5728703546
904576373
867042839
4281292596
6150725434
5364598363
7849795435
2118199511
3308941267
4511144201
4122333077
290604661
7831580948
347500214
198983751
1692443870
2108206155
194686434
1974141479
2322017414
2880327488
3544791575
5626895270
6200820019
7338265604
6960798180
1625642245
7587166105
4879441939
396914644
560272283
8094291917
429564194
32818956
1006138676
3489799587
1551559070
434832457
2157868849
1394888128
6026914893
814623364
4090031523
1302949439
320602565
643625540
8195609937
3157866646
1837886106
998992622
6062366801
533165285
5471229417
1433264466
349216932
2528827755
