1968247558
1823737598
1551374937
410428395
385557434
1402718396
1513504683
1572469788
1335434180
2131738959
1721011027
1597852035
604711139
1697516362
5956220812
308128164
420988188
388107996
3595303269
1579244834
1179159957
1550575489
1804179288
5836306406
5560932448
5318486064
818943213
497595325
828550658
530043599
1593057297
5543944487
3278866384
644869899
1772232776
2909440879
787096329
482222861
641397372
1205560539
998093466
1518837704
1248163092
743230614
3888806971
1459741469
1556811738
449900980
1954565212
6273904141
1041450912
5857705930
503813505
2147539357
237916095
1169924568
175583424
1710061604
636201258
883310687
4654955767
346034810
571581485
2331049614
3203762821
1463615219
401622954
356068605
826211112
1232941162
5510762739
1654099710
1271933582
1495141361
391312138
4975591277
858222655
703350310
2930928516
266525276
1704806000
1313089650
581478531
551061286
4356991792
309355604
1695716893
6143784770
1621704990
1137069673
1102822942
725550203
4285870974
1683131084
177335981
305936211
5389062679
2856079873
392624128
1942315058
275567944
4366253462
1577015752
387589918
376180033
3481102117
1591844514
1149962679
572801918
1578783424
511819319
1904501018
2138647874
4321421134
492830391
4288611174
1153973358
2277959688
350891253
1193436887
3429092992
1916067602
1303705661
3076105643
293232164
4688578917
297439896
375837664
5764867225
4641643659
3170979942
496061964
408531617
249465567
616323504
1631003417
1531552842
327973580
6874627548
2271212847
1420899862
1544876861
307665030
598282803
1615759211
293952769
2008590123
868313332
3584797987
787937944
1550492067
388798212
1310329130
411631858
810747828
5470211595
5745088731
4170212069
5804171934
203073925
1938053138
536596890
1530241416
4875870741
1410252615
1541784288
1276219531
1429089367
5478652558
3087150984
468012640
4896716360
2056350784
1631158101
174126675
833038007
1809462392
2297236165
28695866
253691642
2263040028
282740907
1160823929
1512236086
2997596001
2019345234
745913820
385614857
1722024447
4867746076
1527776486
713600592
261887260
271516867
400647547
4540033793
520807272
4054675358
1642538634
1498699570
4867481805
1422763636
284320744
340866883
5563162832
201680694
1298893313
1690661817
1250739266
1822403204
6199792680
380529326
6036184842
2149947586
2049321976
489782448
2262795479
2815409566
546095152
538343327
813959918
1318459918
1664739345
2175776763
1465693872
3084489303
2286514337
3071246183
641815418
534653458
1322110354
1796197383
4238777340
2378612163
449371970
543548302
1421154078
211764573
276123768
603902425
1917950492
5383745452
315152252
428163688
5520565594
2275795198
538773082
7363241566
601138270
211289920
456316592
3468366873
5519838027
342866279
1009800008
1806882345
477920833
1725102
1911772709
336171779
4084990024
4813040989
488794502
3052045956
400690756
188516994
2104222616
2109468797
4185259472
1825624963
321703706
666435229
4185203551
372840166
2306822660
420655808
53550843
174273375
4811965469
874410528
2004009463
5372838554
3526833343
277876142
370324126
1678463517
1729505959
495622257
2256512467
4041258280
17057800
55466920
643174771
688749991
1704495567
555906929
2244903341
1465024323
5816432017
244130510
4096169154
306844446
255584502
829329731
4209540145
2962322268
53026654
1928960049
1511603080
839133742
1082008515
2001044145
1474962945
295596540
626117503
33217180
1469443861
973374599
6353426993
1299599408
5949202154
1022414555
365679628
200266791
297367941
1480157859
2630333511
322348757
1299597207
873229832
594114241
975181335
667307883
1613946258
1662615772
3601898856
3254512324
4626515790
207170353
1186722727
306754458
3261251048
2070349895
3619085876
205245319
1721042814
5467441292
272592067
4336189695
41044569
1428778317
248141414
234342169
1327117487
813087229
804336095
3484516
4265708716
2802643089
525265062
1146351755
757191061
383555068
3236251810
197247082
3649054423
1609919012
531911793
1764761972
1506364004
304358988
1233882782
378574453
395277886
228742524
5941532298
5980510210
49539373
296219331
1621738015
1141026717
1686271121
210252577
1153555689
5412525621
1066377281
2301178701
270767807
849564951
2301141256
576547402
3083650112
3405655956
257750364
422031311
1541182495
1378124429
3230309070
1932067621
382859821
1708082976
5532083590
575071240
2489366033
1189614384
576903962
1477580299
3946585168
498792951
1958224261
1544297
2095704040
1590708165
310101172
1961791897
26382629
2100690820
649478099
3030444665
6691924
174550786
1146891525
550511946
2207740738
1463896570
1567543164
345853514
1497712043
2199579306
290611003
247157937
1016645030
6266625572
597214692
2928656270
38393983
297633961
2916011160
1807010145
1424612298
5862270535
1708437671
1387065436
1801085322
281449956
440512333
1303956332
3047976495
1355668845
3166670875
207136302
214100515
273580109
3433431681
387743405
1399147495
2190454580
7183341417
936195827
4741187389
1981047862
4261870396
367630134
3409491189
3648151068
1164167706
507186098
576360568
202422241
470341139
1107763070
531762127
934433080
3188080693
1632344043
3278375909
525041674
5965358638
369809241
539352383
4075907995
2408224536
298350040
1674536690
479301137
270333016
445851752
1052850521
2092713514
5608452943
467827067
492208101
1438163925
288680944
20085799
361031590
291005264
1481030579
1492660816
1493193805
329990753
1132212072
1055008228
1400762913
344765126
213436657
1694037517
1117962097
216480969
6242804770
1803833831
5706528722
629171093
4281305869
342417269
2125717766
2082456625
977505156
243785705
7309467229
2122975409
1176610549
387570949
1427677953
2213692309
193635422
567817361
287069482
493769501
878102790
390099595
3035871494
4124754103
983373838
2256505590
3131808114
262550513
1488216180
372307815
559160940
1655491580
1106858755
296962757
3425955314
861375254
3935337021
1361419696
1708436108
911551539
234921132
4815654065
533621495
1974821282
723549960
1969793670
358127127
2315538952
1193833057
1616802357
228301032
971386140
461021481
304154599
1578429883
3217538557
477765050
5494212978
5776760104
212865097
4843678352
644573490
3015883061
1689337773
2595100616
2255029856
3185347874
45281114
3533743894
5400904635
2957382692
260664591
2244108102
422124823
7227415519
1053836141
892142375
2982334617
5747603069
1538030391
1392909430
1390917924
1577395096
4118379487
6176108801
207191004
1385482972
3969628869
1418681540
3996255750
1534505522
44704127
5539765317
348262253
1291883058
1693256074
3231363503
458566636
880106906
1463205353
398408215
290420141
2318959168
3312541512
1479358130
2116377305
1604921635
3163290505
610705426
2019277450
599170003
613383495
6973487361
1094021839
967155960
3593616941
7765520449
4777951768
1967641505
1161294495
37897744
1969441323
2200529440
482390346
1081465811
4480362196
1457183252
267780364
2059301608
2518769671
3555641119
1296910523
38939389
4031941649
975045112
1397842904
1633878866
1524025689
388866819
7630436643
1441571571
18831125
3290662371
1068214659
3227672903
376032923
1513890850
333085545
1469566917
104952439
4319880904
6622227168
424558236
864788986
3525751955
1187684322
6354098578
632004136
4196608035
633669400
1968049719
336146919
1353568367
491572202
331374206
254195066
1690550825
1258890660
1551558438
1456063025
1554663746
1725576696
2204669576
2049120366
366465249
1913496727
7543487247
376090745
208426218
1130422475
5714538929
3463760030
5354592547
1361159024
1301905345
4270845764
1615683309
3055316075
292989423
1102624952
6979544040
5489459743
429617688
2109783434
4314891469
2314728439
1149458903
2050425106
4414048378
1565207494
2427314879
1791282334
1131234349
2939137054
532893827
328461077
309291710
342846697
616045568
350883985
2089009981
292852121
5512963473
1393656301
6273834165
296846862
345552286
6060532817
3020730257
2053104628
1241632463
5812205133
3562002744
6162105741
3939293593
2544550762
2264095442
264545506
414863401
354266553
2555948329
1264172835
421132783
1656331528
1579445496
5395528340
1701137306
2083627598
786168070
2213089009
3237531377
5110080889
1542264576
2274380440
3118110759
866012399
985664070
647520962
2176586031
4141923304
480427662
5329094571
5388974044
2052779370
3580321286
1508592691
1590352742
943053040
6082349587
1991535356
4291277433
821082667
400468226
625783418
1505729174
7150604919
693303439
809833695
3597142374
5519932273
541085960
203348830
3693303504
1470653488
5408848092
1115888373
1555297159
1542827121
648870125
1509302832
5414419741
2234022157
611772621
313838677
5445663001
218378756
1771646427
509341845
1597619964
297409447
6609214370
1290460507
1365540635
1434279410
2194083517
7077749289
1520897002
4461101489
7633124488
1406340757
4198233764
550638540
1487687223
895101511
428285907
2109344343
3558526989
1474239813
1396037586
1033818643
373831838
1906039653
47877950
1121333111
2976283734
322393497
3429692141
1381663859
4223343670
4486819325
266520166
1621324146
2362023912
379988356
625871645
863035657
7416963981
5789370225
521704638
3237024044
482681849
686667415
502776754
329694334
2312854555
371502968
3149759792
6310434895
998449852
555851661
2365796281
4495839956
1498755385
2206620387
414995436
1350744878
301434944
1633024825
3835977905
2138675046
4019889525
512211175
1029588997
368938576
145269759
403613979
448805502
36161720
180947030
3237231419
494473797
256597790
1383788732
4689491893
3646769523
234236855
285997665
3407080807
358523251
175360952
302300125
214238597
373252209
1046356450
487692859
263119549
4072657609
317097017
1287336011
527454450
422106493
272433861
42277739
1275514783
3028289719
478201884
634857745
1697227583
1517533181
1588495360
1591637845
2135517827
623736871
693072205
5701372752
302280125
4956303617
3409337539
44435152
1590449888
50542485
1396393360
1210346446
1609646374
704823852
308907117
491529463
663717549
1930438731
502900052
492989631
226190192
1291022067
3258906520
202808999
349852914
32397786
252658030
330747597
223665434
686987756
176841169
1903727021
387252096
430076400
1337789058
263133341
4966254751
210917403
2029926875
213216531
29145281
364929792
359953482
416379435
271051842
304995918
1566160156
3600205933
259067377
2221214093
481749785
522602578
321772150
1282228065
192444301
1433104125
266234879
282340157
2228542028
193620610
240688968
1154393172
335827283
2099444562
239899057
346171619
5614272228
364981626
4854595737
2239053795
199379532
266558833
461653466
516256417
252272912
521333401
617486143
475463268
33446116
274218816
306995745
1466781942
302914679
6975846485
403664402
230205230
1697293077
43387550
2247240162
1043161179
850237969
2359145295
2340046600
1549529543
702841154
410948207
7735758792
1359637823
415910016
2070937090
922723940
327165628
143760446
271701611
410910776
203832679
1526622840
1282050049
258948720
488238605
510169284
835341601
1472005261
379733123
267840250
891781926
2611351110
56064679
462889936
341457940
360073925
223401959
457817760
181069938
265484998
307149739
283119113
4154574585
365590529
3231617907
22084507
405649464
1600580252
1168801236
357470675
182327869
5319411081
454030579
436171417
994061601
335568139
245712674
384855289
245234566
484951386
338628907
1357524130
1151089190
367382829
936337184
375025808
1632922573
355124028
1426913411
192280081
51649623
1431979404
273711281
287514259
337114977
295177932
1367982251
582524075
2533238184
1729607340
203579220
389761111
37863976
5646999373
12139968
383571012
306178655
337534592
289928938
559051712
1535854858
5581926458
184498772
1609662617
449678990
272759667
6152402799
500000847
272419138
199375802
519088435
2885636238
5426456361
847783392
264795990
723614466
193048782
1338497874
223288765
236683004
2071467344
536502996
1901245204
1542119512
3582820034
1042486438
245284557
1510468587
1986612715
4159134824
1906867911
268903939
522723518
4666215897
313106394
197450743
216432081
1292539123
205897330
2270399669
245641283
285926800
537645624
388969492
2039249638
2895050157
372170147
1123843991
298011965
422935531
212108290
22172334
7111855783
1124015092
313705197
410713155
3269717895
266528419
1478321738
207619142
1387094827
1216107790
2093551074
4028288426
368672007
510976919
1498707294
512992679
6949980692
522601084
823577639
1316250125
1453647266
500604204
4075890093
524892947
3713955051
382784068
2107680699
5923961293
7159223999
6655031383
607090868
1594965759
2199169997
1514072705
5578658815
425154769
1614546269
1917964490
294154450
330165574
1519167338
1561461727
968071378
3033690447
6972010927
4025923212
1606499831
380462821
1506428192
1317826710
5693823694
359445138
1407368249
4682439
2459846415
3909121361
821360745
1140475576
1099692569
1295006359
1734411264
521291694
1066040349
1538064533
434943352
387137381
5762826825
626883108
694565740
2362979509
379356217
310869869
2070820568
6935997518
6909614264
1348159320
6188720739
630199309
396934109
5464491758
1336934589
2273861941
1203268272
6411388600
6139895495
541767440
4026588742
5749769022
1604825229
2055460867
3219094928
4997128167
238597747
1473309847
5008496
191594365
3786126236
627841133
6846808022
6079619084
2075761641
4652098125
1725701943
369905514
1461405701
4482289691
7050569716
1420847179
2341018539
4210476285
1553243546
1826713837
7014589595
1483614185
345498594
1552208857
564315686
1675613407
2528811626
1376034915
6941630538
1111814012
2628234851
277131589
4268261377
1091761592
575885889
213692003
2094216886
1977334251
225125274
889977461
6900495645
580044447
1402592837
5750057097
612805270
8104070473
1930024170
863487175
1298918481
620669809
828836632
184243086
5829470804
1414198881
1504262149
5754543724
2272474431
1220102899
1591102361
1799751191
1155676605
5016981463
1098815604
2011288275
4029317818
416015797
670260738
5647226977
2088461062
1968011296
439082978
449115423
4123623875
2015152292
1488874142
4558047210
348571760
1285623638
382901377
5920106416
7074832240
3460108066
2231219068
485687985
1138253826
2125765090
4367335814
3023467474
531856311
493454377
522028519
5054756523
1617434431
202298327
6152214755
46660561
6805482877
3039605718
195745253
2079737001
2167555324
342016355
1549900905
6467220091
4679627859
1700343263
2201310702
1395031883
3233748343
1071237274
3251232645
215560917
1311840333
2951803004
2191983851
2240595640
6637028612
518172754
1944989876
986959243
1433257757
3619934828
1544288749
321512389
1179163846
490384005
1340695814
1066717658
417940267
281096169
2199795482
253129315
439009472
255862998
364401027
592539721
691209211
747492427
2182353243
1572555381
1556752181
1323862277
742470494
1964549520
259835265
1364528711
4015201383
1265041892
474402857
900067683
862549699
506574561
2122341348
516711050
3666263817
4278162596
2929431599
3490435785
6834475382
626079218
358712896
743391547
649911154
801830223
256680548
175083838
309325199
995183271
3473828336
211669328
7054446530
6252311182
2825242365
7596339782
1713867574
2217536565
2134146235
287778451
376581335
2249289728
1519420016
496384060
6479437666
1400688691
325766145
41463670
1115459812
696406350
5437003245
3526888071
329123369
2350341624
1582900101
1458327505
3088581639
5726000550
1689656293
7022966322
350108058
497811764
1910624156
232387896
255111014
7617222419
1432003816
1396645345
990531112
1101077377
1409968122
5944598862
634737537
6696400893
520503535
205825417
447721957
1611530205
229497860
1211729015
1365615342
3002854009
6928821546
3416982810
2227330194
42103527
2076684223
1471709781
825169098
501783387
1364531811
4376047154
5531947504
2105339349
5870295011
229532175
1508205265
269548761
1227501066
1647682785
557221577
1697159073
1731671879
415082664
343024388
554263999
1608933904
3937008623
1392336673
4003963554
6942700689
3643946549
640123453
1502023507
4204928824
1635358427
6927277728
6157636747
914936036
1298487095
5511797776
1153450818
439098662
547452408
3715116472
1697982119
565514857
1931880805
6858050673
3629799217
454706404
4209906157
1246515808
291393649
1468102361
1952546375
7739825801
5560128594
2211577625
471312428
485446911
2553906904
303616726
1439387545
2333133890
7173330499
6196566848
177357829
6676689853
486589448
880791093
5860508979
5596203985
1406411727
422645204
1671638290
1289127069
1555698239
6838634312
2071212941
1637146406
250580527
291144838
6913141585
1492156477
440012581
5873430838
3282635790
2078082501
1447661317
2272787883
1104832659
189614223
424961063
4822507199
4294756722
1214276177
1784768697
1456869262
585727720
2322617029
4988021207
524129648
485169617
1021732859
255876466
7117132976
542812782
6200945914
359355511
527189113
6051940445
4654229091
1457844533
2984764427
1328772481
1363182367
1987867139
2039412950
2990957044
508506311
398380692
1475984407
4165426257
366745069
967441498
357622701
6334092390
982316494
471763170
1422336818
1638279091
603141538
1134090947
784905805
202459826
3233065103
256580052
3571841507
1525178643
3608506276
1313991312
828888020
369019046
4513132359
709822354
1502258971
3266898777
4740911731
3242066907
6165152441
410524407
379799583
4845857722
402362906
2047296160
456765202
5699570641
327635852
1505762782
836826798
7148942060
2296711082
1140991633
52050011
5416482253
2292082368
327314117
1693491814
5386652318
5945235753
1742228402
516202557
1742142657
213048420
1451785811
6369830908
670268735
674375562
231718627
4520940935
352723390
3135253508
3139024653
1530137701
2347483224
1906132519
1253837729
331771225
2057311497
1256909081
4897499461
1241344303
21757225
35047344
1487535549
367062837
233696267
7165804926
461173349
6760739841
1621471793
1647623639
2195432810
367916312
1011019097
3323962911
3441035212
1457793522
440013946
525327234
2262287436
5019647852
1421271956
6650335461
1700949197
1553532537
1412127249
321269305
341891555
998796297
1692342976
245906032
997852611
389518154
359411529
4110341576
1082460246
230876408
1559360125
1357454834
7515640365
2305982534
2308033761
703127924
853088261
1809215622
6539878822
618768988
310685458
1160056146
1415991595
428531032
636789766
392811284
1476874443
1989618302
1521377831
275187218
779807272
1838201871
2177554613
303366412
450885002
1601901589
441019103
5627008683
1512491797
1734838946
7356803273
5371070335
1533387219
2928559878
3079443772
3415485549
1634038623
709570242
270631423
1059606054
3206511301
7044862853
1700399994
1293508751
3664365600
1942991388
1069912250
2245614936
1411219538
1393535590
388692879
27018398
3669370806
3663710493
259182971
5579398668
610449788
2244008322
2165867712
2135937516
2460152478
1503171471
716688722
7025157164
215644828
1800156679
1514626940
2058270260
1920525983
4138129951
850463564
2097324251
607454987
980871276
2352911258
244859932
1469682760
4267603991
479320310
1629591816
2080178793
5595716058
1700710380
3156979227
5979998922
5563952305
7893562269
1006788218
420569112
1698366076
1643132372
1477387055
315747376
2485143074
2037835291
1343573534
7455105693
5714058065
964402424
4087032225
4473316274
463894706
1689847034
1232174962
1819271897
175295804
1157879015
515698130
422643081
3248629395
233099307
5676989878
7662989350
7538497719
1572676580
5668634787
1202841509
3672404022
2583636824
638411909
1241718265
374970165
2271974805
288369993
348523126
1438495489
2303459093
1457259031
1547049179
2298502515
216499667
479617268
817994904
1906914087
649501836
1549933626
834589232
1607062177
234473876
1672442564
892298926
1680204521
387613060
1247001364
1636474925
2005307668
530622778
1516194005
1018593584
2710089415
1216446350
416740210
629554414
6193521677
2172920812
5027830151
607790396
1947523614
838951762
792741932
5619738830
3564613061
4362578226
233592936
238943755
3582767054
551171135
367188377
7035245814
3983410751
1444932388
5957433668
3247639187
299408124
1928581984
207797747
7882377930
2237412864
401446954
1465900834
656631433
1576745521
5503400541
214257391
297170288
2231443659
305563504
1350453073
244061690
3644200293
1208549294
3630147176
540203557
2182611139
4012151406
2329082543
6991989934
2001767739
6913356561
4171962025
1153768446
624418018
536527239
1446722669
1915233665
1723538337
995469288
262897853
3957456963
2033670734
340043752
1714764563
1513953877
1057172072
2257107824
1571545037
3231022010
4179833025
475078661
3018652679
3115953881
2013169065
3181246926
7359791627
1187105952
1429834091
277846069
3895680072
1536466542
341918312
6679344407
466555721
2000133530
1114936240
7109830737
1997748940
1917129624
2288718147
4605394204
2119885007
6769855533
317243048
1611572888
249275827
6739078134
52550460
5075534553
1147256221
5789771979
591879730
1770701061
1969202514
2068137296
2017473850
6261317195
5753763217
7275962586
6885179945
222758978
256097630
1400406708
1487382006
891856242
298052551
330557586
7077929512
1270186700
255883263
5677435234
1213605660
1371495346
6782320146
1690715173
1432327720
2081008681
1371545504
548075557
706459678
241967957
989650415
1723269628
1206387803
511933089
3242562163
493317213
3545344975
2088072313
1384023595
962619
3288647446
1610917014
1758765900
7207562167
2173631538
1245926154
445675477
513717136
235576147
1283458749
322769851
556085131
7710543526
1602750477
525885655
342311136
1211579548
3678830606
613942221
3560730482
302548204
30736403
497769623
2156292324
847546056
557368945
801580171
1358885538
180532161
2961275194
1310477186
338705016
500226974
218525981
274815155
3309383485
1368705825
778613349
555160937
1226052657
1474212690
4979694123
538277684
571448114
550610315
234700689
645833181
464424172
3431474928
211486543
320492161
1647494307
2260605250
5562825958
290410392
1032323074
301787840
176897271
1500105467
4861772009
2033093098
377175010
987002740
3047840074
323274259
268147598
6490042459
945272686
6693422322
351058698
274858458
604874484
3272680451
331910070
2220917529
399781330
1588272512
348169637
1653686152
688391877
2313577287
1552262118
1577192364
1522520508
3212504507
874292625
373971473
1377527922
1400445676
2219405031
2300110318
3246049545
1936959758
2215162648
1492043549
586966570
329599008
1439093358
2225709293
2015328121
3248230063
1589486228
432989201
627092604
247788125
3616801942
2079643645
1016141568
1387125675
251905013
246325262
1751063902
1107865469
577387944
3294219993
2079026560
2248285498
1769272412
2287420921
3535033159
5856937649
2552260571
1074500747
2482290426
2740390881
3625609987
1623713369
1513491162
3156692400
411758042
2107081144
1542268204
1480141840
1085127487
1706120913
3123342830
324202177
1455909458
3492626193
7767284853
3627651333
4778911480
6264950954
