5495591786
364761330
3626755221
2752010207
612830592
7484521718
1238065562
2032602209
1397899843
2882059358
3535673687
4055089436
1730938260
1473212058
4258407489
1772445486
5662738618
1604969780
7103932940
2930952610
4654677442
1690796906
3530922070
7387620506
4326490848
201505755
1533826822
1388368431
1934528847
4557058162
2459765468
3214108180
310157643
231373200
4207456257
7871568623
293551595
1419417354
6125669026
4834772322
16100325
7030416309
6201095943
311565486
2376544763
1790909194
2201212229
4577294309
533008070
388986797
2298825143
3274668355
5499083344
733014303
1220410987
3504671900
2115847974
5389921821
1476278546
2224960909
1604612974
1062022867
2111390813
4776280975
358127232
5566328891
1074661276
6225680744
1246972725
3666405373
6289174418
421980152
5413288737
356753707
4099602701
5579676615
7112261989
1443817124
7654448352
1914346449
326523648
356611081
3541158920
3580455394
4234397093
2884658804
1341033463
1593083258
3657367029
1169222824
417484097
7076409027
5802006688
1280121037
620735857
1419941484
873672036
790586422
1683657871
5742707906
4143106246
5571681766
2324197746
772924535
3916071856
39491715
1405145492
3079939747
578503370
1682010289
2053827920
1435184484
1947068320
1134783486
6154161772
356673610
2104312404
2081432426
4003401654
1441346363
518213036
1713906124
3571830664
3933234132
2023003564
4026553186
835157237
242553107
4885875782
1968190065
4089460144
588077587
2016753267
1244002173
7361940965
1225793803
1786111046
399516915
1170109640
240108607
3210429058
5696076567
3557340548
7305933923
1074954893
5657721537
709666677
5989245531
2095555758
2304971917
1276509290
4688930070
7085360535
2053881002
4659206989
6005660770
501248698
387616274
1593789362
471343879
4165695796
243922489
6970545954
261462187
218275201
6053359439
7392340647
4093293360
3025444957
803740224
273139442
3927758026
713443650
235218233
1270880009
797887455
5110679685
1703244323
2007782989
2312763160
4067949400
1402486398
1212890547
7347175545
1604547731
7260055055
654786293
1427932121
3234316956
5600937991
3133304102
1523133980
6884646363
3963062364
1544863977
3005182117
1578110091
3537467776
663110133
339754675
4558901736
1568557165
3509679990
1370116570
782901488
2903804995
1407803518
7002194149
4268078592
5485243027
6703808361
2211717384
556803982
5726863112
2138082816
3957723192
4234421197
3467922265
1163574028
378347602
2212795545
6876374879
6370011249
1391280630
463461139
1604413860
1491434712
2238818622
7647422901
1397823250
5471920078
1808451605
2907276944
3180388722
7302091221
7152426570
4002610093
427812548
6026548139
260772996
444756730
468372679
2224939065
218376430
4645656191
2767526121
467860055
5418886137
7294958187
1157159269
3309485595
1032691785
1598540940
5778172472
1306727698
4174548992
312373686
1550448949
5604967059
1421561399
5857431902
3015525470
4080906982
2100635154
1045332377
7616065118
2213673271
2252234878
1475484467
3175097031
1687930432
2982286580
6280909605
4634928501
2061867390
3531865347
455840073
1612636602
7073456045
916377105
4174852021
3934450302
5822682134
1445870446
382061124
845365077
4197958863
320009596
3541936789
2098362549
4723029131
4157833483
3284762350
1503424082
2302783437
4061520582
6222019535
2043640215
411845662
2142052234
1799051791
5525155616
4472355920
1243888459
3940013098
268232299
3161318656
1431800378
7383620551
528310459
6073498
4148152472
240570792
1515729593
3103691477
516766333
5340219343
881528701
7272047979
815631824
809067735
1572833298
3235790511
220601761
6128290627
1655890019
432916325
4860686879
1010962671
805277727
992663355
4771647756
1745977234
387376470
5792522605
1511450502
3081687634
4146971994
3248290432
1452512764
1571659787
354896840
6400084682
1387845712
253317769
7420511879
6621221796
1909259812
257759540
1279181331
363420989
4171204191
2353032421
1836789006
2865225783
5330009952
2055292569
4822136788
30975750
2117028573
4249964460
303023731
1220774952
2537823287
5781908657
1800256226
1665418281
618703692
1583135321
606452740
4198692002
1377902130
784347595
199089631
1724902405
516768924
2114621955
1448698866
652655854
6340909685
2296080133
6437983258
836776078
2539218981
7888184679
4571768485
5474242483
1094516167
4628424723
3944603965
4866317206
4172411845
5332478528
300787429
5767363492
825360207
1448272853
594606900
846070420
858094889
5806606470
3506430939
4256527050
6130926383
392962510
7417886415
3181712687
3630148791
1674583382
5746362782
204536121
5416914807
4985205149
6838686144
5534680448
1122513273
2292053479
1509577165
5813608273
1571770765
6721520301
3998953268
2306015373
248328068
525704882
270938844
592752423
1558256492
1823714880
1601713606
4792972447
391218822
1298929021
6835445991
3771473506
594639303
48976532
955722315
6778420101
241878295
3037527758
3055593460
179489323
2263639316
549402643
6117964726
1463372465
2049332975
373886770
2081019404
3591512836
3175529107
1310266368
183885856
3474749518
2015388513
4069940513
3266310441
4071478208
2228384961
2940472549
954614349
330878634
2120674800
348992393
3230943884
1139498682
303020890
5914992862
3191430495
280311952
3110633231
439335055
479691318
316460554
1494411355
2201658904
4627986456
7078377346
3214070306
358171224
291385820
4247949223
7646440658
4780154314
232653585
3592999897
355682665
21357234
355054844
801834545
2250012966
3603861651
6692345809
582576800
3031503331
262011439
2708096946
1796371975
3942383265
472926584
2015555490
513127396
338477578
637695581
2284309272
4230839657
1277959275
7255038505
1085551651
2268557122
4283125005
5463371686
727025652
601171308
540290024
246063870
5570402075
971029038
461585496
930097430
5516450162
5667071435
671801418
479646518
1904809691
6750408350
6854227464
1504374953
2422360458
314853577
1940287998
1124244337
354623062
5620093605
1361782855
1605988443
6649702746
4330012215
6085918995
3763827895
5392285235
6395926709
316282035
3314317243
5423324667
5349623196
1942254498
561020286
368955597
6115525142
1959285733
6916985499
386241870
688549282
1384991836
235678546
355519137
2207971695
1567560160
484734771
6204196233
1381978297
1434977403
1233167925
6283240105
3009869254
1638473518
3502975899
6087854296
3961253578
1686846573
5467922402
1096216553
1717435435
6860035508
2280465152
313152380
5886206199
3295920832
3029036299
3102438367
4750796557
685309118
6719156793
586818740
2106076252
4312341826
1268022836
519126738
1624382607
559298622
262296558
6733274693
4730418979
863607002
1175453465
5550819822
4974605077
1256190682
3227091479
279914855
1524097201
1929364748
2970884660
280714333
1704728678
6262202159
3975879791
557506082
5962153726
636768366
7216932670
6107761421
4588463456
4578724871
5430992772
1955348660
2380638659
4302616670
4149739364
328674708
3537923740
735533750
6984014446
1078981772
2934617170
1217176001
519183929
1403785081
213361921
6504506338
3679714541
4250225195
4205258090
6017280852
2902461733
2190405895
1215629105
1902675313
3315913703
213868191
3589329441
2326613610
7463074507
6914180138
350383412
5439442970
1472027438
3846504508
1330172627
6843026744
767182071
1220886551
6967140934
594069751
7506347119
3863853699
346586674
6314249690
195581000
1817667189
4480606379
4552992460
5678119674
677037894
3619984860
7974797645
1384951532
574968397
2421001674
1090581084
4460780551
2336995932
1631208683
5801638584
1692456129
3637636210
2380214985
2072343580
538773732
1700965185
6309199889
1924270006
3629600576
4930610644
3969350346
263816243
7319270897
4088226890
3236008053
7285089135
475536088
1573392978
4700579500
1279576027
1743906281
7440938092
6688120590
4359006923
3183777754
1951697914
3494764057
6577059189
1675014834
781543971
1441679906
519519386
345884158
3296890123
2350546583
256194265
5984436970
2022324097
639295136
414171097
211947422
1628198188
5542353626
6233301649
2344968
4990455614
2274116206
1693355180
355975069
2177759609
6087040102
3155076400
1155764529
3235602279
3187866077
495857137
7231002516
1580034297
4652181146
309153957
6742988695
306384097
1957562158
3084217629
1138160213
4224096481
1203586165
327345713
1677740067
1902997133
454346940
2109751175
2233328311
1917394
268073216
5601922226
801972521
1737481963
557826859
5521469047
239592251
3211931653
4219378704
1330392875
226878354
334428145
3432655206
4025386359
5592777573
1948182375
1617924410
2166165544
1740294044
3896382989
253505506
501141378
3569197775
1547028111
798790653
7444924775
2203702454
6065790931
4770986986
2149958236
338860798
522657686
6252173332
2315405643
252548729
294873525
256558034
1937358629
213234558
2056154255
753678279
1149836632
281069424
372361243
2216928571
3209923348
490612594
4182690947
908426412
5390948344
5407820640
2362796291
244253056
4839922838
1580487558
4167311777
426183675
1733421218
370331072
1432391192
2875898495
4069255071
1549498755
1499352412
7150538561
443990487
692760472
4541222109
264848238
7697304600
3549352349
1713368927
390213441
2217117092
6098208998
3411397546
4137543935
4134302714
589902512
3576657910
1193263273
1440594895
6827475995
5529498705
6326523845
437311892
3507423281
505212868
1957262402
6983542686
325025824
2064810117
1522431798
4253815274
2948740205
6351910941
7853495438
1457978355
5958405828
217367988
7749550147
324447257
1971292874
1709079564
1438256043
6278788422
5815339007
4705762775
2709398927
1728331351
7906309363
2215330660
3073265415
3215319949
6313938850
3446847123
5419897939
2015737356
1204252319
8007679881
7842284575
7832467133
1563965377
7781770348
216825129
4260957249
5349355337
6351834967
5520550013
359316810
1495550194
6945644902
7962850135
5900096602
5696882553
247787823
414307023
1428944885
6953487346
4896144905
7356270248
2217632142
2562082877
1600794421
3534184727
2355647287
691419728
5422543929
4690099705
1355863257
4546933438
3644877683
6782605121
5480479354
1744069182
989743299
7658170310
1022388480
7710603029
5376278198
7077274881
7244653936
4950393644
2225007717
7155028898
219732049
6280446714
1490978200
5412293736
6867093715
1393929149
6300755085
8032964072
6995460962
4359498038
6119397612
2886297913
7114342139
6751934708
3498475887
3211793386
5484734866
3941943166
6834052400
6042239797
3158234693
1538877045
605879614
789202870
7957930021
4875405843
1265409534
7060253815
7898289772
279462077
4902085441
7714904827
1621467836
873520939
6944817426
770148134
6834074599
34005173
5962481165
1827035507
4485470611
1772402658
4307138499
1431405158
1417957346
2997839101
49910527
249153091
2247974902
1288578678
4837505585
7773151679
1700898931
7035913600
1299053419
55389545
7056547127
179371175
7295257178
5420971949
2047732801
7067164472
6932355137
7633256579
7183498181
1431800804
3882291949
5464685326
7016475880
332573614
2102028529
5475822249
1587236706
533110252
6182495723
4324196281
7158954861
7139555819
481619956
4423711555
1277493506
1414337475
4141350018
7945641950
2869145271
5590131599
6578512707
3156309231
5442032395
1492782299
7603999987
7875787863
2305102346
1440559234
6126671264
7599613429
3851656569
7352069736
2055264642
3766881182
5649250544
7956627140
243764946
1689478226
6247199501
1700300645
5658652213
2963799364
7625649464
1835543690
7733881238
6221442834
5390210497
1207804997
2019302803
6941600253
6649478928
7088773684
598421320
265942805
7057219777
2073164264
3636309125
4363060750
1662070457
253506100
649293399
1182166796
357575581
277788256
6560419784
5401612553
6795398497
7587201567
7711989424
6118816966
5481659746
282081237
1955891542
7820144729
847343783
448196523
4315957350
2291257160
6194582275
6167894253
3539036852
6011192004
675976170
1533866091
1738353966
507179176
3128749481
7292976232
1208155032
6025293507
3015910687
7335032853
506502902
4268832477
7273760909
4224301824
4375659746
7944290481
1466898871
7217877274
7106656539
2711128742
7881690557
4789582467
7687366555
4586667258
1997154207
5916728257
480905218
4110585241
800952171
5358582840
7131352256
3637052975
390330643
320489325
5409251819
336537562
3875051902
3438357674
4837490719
7856594331
6913467124
4490718712
6020536617
7242199686
7821188506
6264947420
1582235817
1934651125
3623533577
2261612024
7496791274
6370078664
7892558718
5333127653
1513556626
7189033245
1531806222
7948349653
1779854806
1794058546
462810329
4302193694
231105137
2895974815
6752394933
2112996499
6879169746
1422717327
2126095145
1179062899
2101010305
6913345775
1900526609
1825072573
7245020041
1587040399
428137915
5785084260
1654696136
2935634576
6672548794
1441358019
6954579507
1146241602
620321466
3181266870
7205357672
543430400
360986933
3166268314
7117059451
5346902802
3007999197
7646781701
1540800153
3087855144
219714706
2696361948
7595173864
6154198481
3829840339
7967982238
1457084107
7398838142
1644782620
1916417270
7135055166
5503494405
1475219803
6847425963
7112163103
6887354400
3032893881
4184653278
7847505641
3402207485
461579003
3958525762
4537506027
698250182
1567453791
282461067
4909850796
5502094489
1012541987
5590798432
2198031435
563775684
2179249102
4623474901
6986796291
6286376550
234931560
3549032093
6013756080
1181082337
5538299882
1390967976
1298860417
3283881005
1254083351
4564763661
5691491027
460341848
6705999402
4108666980
7065322926
5890933507
282517329
268997599
4064339812
373380350
307315693
7625540531
5895995479
649967828
3104483699
7206797081
6998369061
583244491
7665532243
7251320723
6462538582
7163998564
4667080823
3620491592
1043013995
248336570
5570839816
1370821662
1747465177
7757190946
6328469936
1401076294
734692471
1563987467
288838192
7219524752
292865545
1278840231
964614346
5476783622
5481891177
7803656672
406709743
1989286558
3867348106
3957159411
1182392060
4147685825
1483467518
959058741
4784701910
1150206678
7710413437
4374094747
820652549
6837444214
3639554514
1557683567
5623020744
1204790709
4345611427
5730799199
6981510226
4276908316
2133098303
3095497146
6270191207
1381591425
2329261180
4283768778
5408706948
1775509201
635464386
6681522226
385051134
3870110249
3268383329
6022848864
5914313534
7787169501
2308724705
5601631967
5817079661
3236206685
3049447843
299138940
5890081367
1462188426
7147458515
5721727231
5548894519
265927703
6247660176
4111030900
5780189233
3081621071
2102135139
2075108012
1698611378
1199656197
359780533
5606438013
7358000868
414559074
6685780948
3724396966
6990505076
7779920637
6320450603
1350563366
1197129557
1523255506
1909438004
6935212333
7038593918
3245917545
3424565228
6061518825
1971761904
1722852940
4234299547
5847495298
2948921821
3625880833
1811393701
3946050414
1226874660
863046690
7743345839
6971630813
406522226
458335446
4522956987
2893482706
3016627454
1713193728
1702159675
1814479408
701406829
3284851126
649151749
1531739476
3604645240
1672821824
4260748512
2291843467
1918136922
2936352662
7821976161
1815096653
6418786840
4919619135
7717443737
7210380013
474283491
1579705837
3863660153
7244788274
207844923
7231966872
7748381843
5375223124
2026489853
1462628274
362590583
6946214657
3985402722
5804779084
7482555123
1906112737
552529604
2284780995
5885177417
6852104968
6229701671
7770503365
7283827274
3177745937
6213836924
7491763052
3190375179
2077172740
1376472185
6082196005
490139204
2198717634
2711663928
5730335745
1967868485
7731015008
4248257825
7657677032
3194065638
1552239908
3630057130
7233772760
4445665708
7530135248
1337536450
5623512494
460137568
1963872537
250938573
1548255086
4470903647
3283942468
6110738782
1651237409
7191462919
3615951060
1476813220
3560933454
1512748453
6947646420
2148855925
6907851097
1481203521
1463458031
5591427376
6923110143
1389417493
728811157
2979839184
1220773679
1674368619
5682352903
1561842103
7631890965
174739579
2033525400
2315614483
5720237236
145903035
7682537633
7633404700
1450086651
6641021904
7599443466
2103730242
336859829
1769327621
7484237485
1655349418
7130457409
3083936930
4671555247
2042377770
1398920964
2229427632
1491074069
2278319731
551914437
1461434397
5660544742
6705101168
2994113208
22680431
2073411417
6610392296
3668054728
3233037878
3038717788
5816636317
6133469613
11493050
4269087379
3480048381
2265578779
2103807402
6193159025
1248944361
626307133
6671266335
1246249360
499044782
1554384674
471041707
576646823
7419075841
7395424715
6900119411
7367912680
1483544170
6862180897
7125985372
5390372072
762791135
471351137
6215402566
1458529311
2237222962
5836828154
1476529354
3597648730
3087718509
7211691403
1040841486
2003392966
1136916012
6869214363
1449929818
5892175319
7747301462
1975421342
4685911245
419378164
7615901690
1524528101
7880211487
7866201630
769844473
372447075
7772481091
5637428284
7439156266
6689591984
7063517065
2032757527
583380661
6134059581
1070476843
7439783860
6239236560
7229640661
4361050759
3011755168
6798823885
1543273201
5659352434
7293870487
6988982852
1628750644
7373344907
4303471605
5529033717
5591106484
583676791
1354678080
5745257868
4763907016
8018817972
1249693730
270509138
1798292068
3224883083
7003957615
1781915481
4152227290
7701722131
7273570292
1267916839
6088079899
1805597590
6951325752
2226980424
3551481552
2207609790
7723119999
6916263875
7373533139
4094184956
5334938493
412053875
221204615
6958298811
993217047
202593382
503828785
7801719796
2372781864
6257259128
4316304905
713969899
7462214041
5633637789
328221590
5560419101
409237508
1356326157
5861953718
348566003
2131325814
278167234
5616753445
1617835173
6465618649
205123424
4371035156
530001830
1363344512
226544980
2247872441
1698554746
2991768251
3495599503
5557608649
2334091124
2069382041
7107452251
2023088200
2071167547
3029074167
4340461760
651993873
7160103976
2236224837
6625846384
1427866053
5635952553
7009360777
6725405585
315253005
1716742924
5713912053
7832021613
7234282848
7197703131
2182833854
4061546002
6745849827
3926672716
481907928
7313860122
4822475870
7531343914
1013505120
5983754251
8014073538
4986199230
6951079729
2325436529
6619762130
5710083584
4283202155
5484438087
985078283
6968532899
2076610525
4302906379
4172393179
1425993436
891527508
2727751482
7653233530
2234484307
7686510846
6321880961
5829961565
4819960958
467216728
5970071878
4764772247
6503360262
1129176615
342791350
1906971721
7748816343
7778706922
4940880608
4114079379
7164666701
7810927944
6439015209
489526188
574379430
6958999885
7978085046
7719269079
4490309323
28191865
4160328454
6197349036
2330742232
7060298993
3133061066
2252489631
722951373
7763562455
420918191
1989454507
3110361845
1944907759
246065874
402205507
286151352
248243888
44704271
200120125
328607250
254054508
5525388722
492084422
1769776824
1644703960
261563231
3272492716
215916579
2219414108
213691542
330005917
7712194080
266254951
348352316
4046922956
205045130
7021584464
415184901
26352746
1043297770
3515035867
185722561
1432950959
249165544
2220254353
252174451
8134266390
3123931289
306751874
221753695
555440690
918141116
552470192
494615579
1348069841
916620956
1952596044
6522840
491846152
1297163028
259673419
1425385902
316289249
208972023
342902716
4172788979
1194497414
3212085837
974877031
240188559
1668891115
1546925219
5427180797
1038198835
6098624568
206906526
1525892291
3310057952
7297741259
5428860458
209067862
322578291
289957665
25092764
1810921957
51397041
26463509
1535725279
2690330789
2228758932
296471531
2054610469
627839155
1444864257
321194895
181835461
443561201
288386462
5888673621
482225617
534967184
315094352
14417293
1676471483
437119059
273324311
1979146374
266991199
36108438
36694779
302616795
1576111053
267377124
278881628
5673816151
4149830451
3960241972
267943920
26062223
4008425173
4862323655
191928507
5344298998
1123948585
1532536191
1149595342
5886329739
1330358164
6120243687
314222132
5478612030
296829945
6339858409
334766377
7184227876
2669779778
1820148491
623852919
5867772677
4856358601
292306585
4535922905
555384430
175091477
1623671200
4103286627
226758234
303868131
7353533747
4255494968
1073723522
212263517
4230762204
7498210412
3194410293
5568741084
2273014540
6917616701
1537975614
6035144590
1509853947
1528194716
4061066925
328332532
812785695
1210684946
4476407014
430196801
4100714812
4995293503
6057485302
701790365
1088062858
6597981063
6792533575
1675738046
6756297424
522903179
1571350934
2907176342
6769141004
6826142069
1430397283
7436099250
1650130202
1004700235
267228698
4298749320
455274858
3087750368
5936300540
1429876292
277684328
269777420
1500310808
4470255923
1485549194
1925012750
1587599995
1948334389
4794202667
1641213573
1811045004
1499925874
483902989
6893793363
1160965264
6119948375
399943659
2082879758
2345051779
2038628493
1414885614
5677150921
6288751015
1525080895
770030130
1600441575
6019397205
219495196
240331955
5600256960
5430137598
5952164489
145949863
468144079
6002170548
6185377556
2043017346
553566552
6243703680
652094944
6491692100
1550440314
2002896088
226957053
4467863836
277768528
365004536
1717500169
6066255456
4397326652
225609489
3914111424
2119312671
182279945
2066265912
952717133
6971447475
6187447713
3579212646
320604104
206668258
261536753
6766921083
7281666246
2136706715
1243346431
7943679421
7115907665
1510468173
702377135
7345501192
3973018583
1456073389
1912500243
6936758965
6475127457
4141004025
31845649
4845589712
6860361389
7440721447
5999954004
539523791
4042622347
1642836844
7348032306
1490026983
791019955
145032924
5144677545
1438652760
27276219
5382577465
5521715820
4285052478
6941912181
6706731752
1652457918
7849236725
7048292404
1585439909
7710922547
5149505600
4616688577
2074275370
3252085437
7053754536
5820825366
6062453381
334074270
5374995265
7007513856
6570630835
4292109200
327050634
3972155947
3576844467
6345794365
1435351229
4334689970
4360388990
7680004691
6031122250
342515403
432578139
3245627821
3227731015
2065784495
324440503
37273752
8005044377
4628444885
46314332
4320265006
2242677877
2048420620
7964782112
1661032532
2047869374
993809473
1180636432
367805124
1485771801
1765075092
2216332330
2117101961
8011431646
468769763
6168194380
4391631839
1540490584
1925790024
1189984739
1330557201
28199529
4787614607
611176458
7397608981
3977904665
1756423076
5588036587
7188473799
1691972957
1780815266
6161840567
550841827
2410959127
4730012373
1785315531
6096825833
4080725154
285815566
8039344251
298842822
4048105855
4307125755
823375856
1476259997
6353606576
4820107347
1937818978
8038325584
1759975513
7485126262
7067119916
5971601224
3604157566
6110351163
6160261313
4644375389
2034175804
1745428382
3256591111
4471875116
1736597728
6922490367
1766187008
7795152474
7243753123
3216821746
6333935147
521434845
7801185781
1322425145
6437564039
5953148795
3951546319
6942001473
2356635871
5437493533
7813200579
770105338
245749156
427690198
5365473748
6864850384
690526027
4291398871
6878178842
2927936656
2296084987
4764865958
1140271871
1508257807
1400709709
559114762
1527792399
5767581656
6843564427
5869817938
7763310606
993919977
1925684311
710218569
451457173
1988723164
5984857303
6283950126
1749310131
1741776518
6291050080
1511600803
415674291
394401744
1537099211
1404372567
180120664
557438377
789424489
4553985365
3967193437
1985335265
2028102521
4521352940
7136360444
6998131461
1481868460
219468398
6768412142
2043326094
3869050133
1618179798
245748078
5785076296
2330672000
7063533832
5587256551
5971001125
1611607328
2148756740
845953582
3302890710
6939113731
874456544
4064402933
3678935277
5350720469
970103623
3033645402
1277119085
2316680747
2845677528
1482592819
6349453075
4204824499
5753610004
1690326176
6316155242
7327981618
3633649331
1573689462
2130203057
637996095
2007383210
2527042578
1502170474
6471312224
853202582
6191696127
6030757000
720079164
3242371354
6840941990
3311064951
361479793
1484916930
1668706110
2959336177
4368470022
7526927938
4132238769
1285333658
1534768407
2313771196
2014320269
3882262774
7532851218
2441036656
7506116856
3138919672
5833094236
2022596381
7011746800
1518424039
4165853837
6820217757
1965408806
3506409703
5504288251
5990313022
6536750966
2534210003
5638695815
5941225535
1991857559
6230220564
6155090444
2330595220
7141447623
680672574
7945505804
5695782063
2182972815
4177739454
1431748563
1526945031
653407260
7810328339
525661694
763768551
4328313964
219832863
7027405253
2823438602
610636741
3134279528
1391944339
550998626
915690192
6062128416
5883854895
6963678410
7370932769
6944384419
3545291411
5816521159
2881260133
3670338824
6281339626
920774999
7053516030
1529836776
3948182097
1705349027
6816017479
1527984793
7274501103
245458107
1112714712
6718304630
282890234
333566618
426786371
7224205799
791448120
6685181609
286389847
1518113236
6504356028
7687706628
7359137002
6433291535
688542734
2220310440
1468025406
4209749440
7836468880
3911746234
4119566647
3521596201
6936206956
576306882
2154142734
2210548593
7942425671
2975095889
979245747
1400189913
238151024
1417740531
1737415682
1791928813
1122801417
5818586180
5530351628
2889891377
5543262939
7631313117
1907535199
5369959969
6960510642
4919674180
2945191197
1487448590
1185290134
266018645
353561087
1240627275
1134568978
224697217
5974805888
6814279412
304028520
454797405
1446919916
7444416337
4904620940
7029709737
6333177438
7815053276
1399006049
3655577632
7197526755
7405802254
6942995853
3029140660
5810510961
506404388
7447717729
6877550179
6304200090
1361804392
4657122782
5734314482
510855547
266144399
6669989942
7106986764
1410670507
7816842586
6430203909
1570554560
6465481853
2002809296
1387783466
7482597819
7525088153
4535767298
604761274
6930912343
507304948
7702785155
4283466217
8007438718
4620097058
7697620366
6627059975
7393183836
1115955254
602885809
4743374617
6825345055
320644666
1961759759
5831383003
290861414
6768563186
5493710466
6848655218
6304273646
3001334361
7382067506
1122949431
7475828064
631088894
2059075352
2464974155
1184629269
6152317012
4259899338
3942306278
769260512
614519356
4316388709
1800893640
8081300587
3058519871
643158652
1452329464
4367931777
7608753982
5604150739
1253246459
3139413814
3168034321
789424266
734333923
200187502
603339950
1982046406
1522109478
7010228259
5947763310
1353065284
2304416108
5839983595
5707392443
3429357871
3621333391
7468241613
3558980948
4165236242
6459693474
271237198
6343608218
7908164314
450040954
603601801
355941935
358544798
1001602285
3096288554
1488814565
4830323071
4672744507
5431741882
6942825371
7363131115
218207606
2221732206
7270217988
1285642187
662681396
7478870200
511818543
5869095063
54386131
3495025672
1489802449
2683829442
7558593537
7062857613
7159889389
1644035498
739882868
4048888047
3617261129
2059540751
4168890291
3046989281
4862237048
5758800319
276831440
961096589
340510246
6872047302
7452265882
1000042301
2647571667
2669387255
1975138044
5983747206
1322899198
5476314349
6654601810
1467712391
412349914
465206744
3950356091
4839206873
1527748029
6868502392
1346469258
1301345889
1291110433
4300431886
3676040418
1228467328
818616985
2274274606
4087210321
1331221060
7146790429
2336187749
1816636940
511260701
607691854
2096555463
242652384
6932519206
5386157182
1520003403
2316265159
2068266642
256379778
400591683
5705879124
3039694570
434756936
2043298626
185027799
7044288714
7033682757
603648408
6760753878
688986129
5930406628
2210346818
3103487998
3513969784
1634451986
4846123286
244987904
3616271453
5951834232
880817989
1131545355
2013136887
1140206174
7683717273
3564690560
4489830139
1581915679
4542800761
784751967
6942050452
3078390735
7096906859
7101762079
1494331341
1964128256
24323032
5455070899
3306427578
4058034628
7195078830
247962493
7275800705
5055257624
7528062038
6070905423
320810804
2252557686
1557562369
7385515059
274219578
6118990701
3596238489
1300800381
4179582321
7774711282
5622745631
2611258516
2225651996
5349895661
3538067196
1701959079
322764022
4236067303
1786473051
5458956469
3689011627
1125513355
3187997178
5673287758
1993328084
625732430
1593877411
6383490508
5651221636
1499222095
431710929
4225546848
7162692148
5445276060
463089304
3521524185
50183998
3944684400
908539561
7739823045
5600041324
1616733247
6824414447
2002084087
1199192828
1493009104
1536223598
4042585920
7069204134
7147400506
240677116
6970582218
227700417
1671217812
2202189213
622520111
7443398362
1011032135
3059338591
1478435039
631689323
1062378172
1999638944
422027948
1386895076
2106663250
1475250552
5600521046
1094742638
6612777389
1970130217
437620167
3109466954
6056403882
5919392761
2279172930
4232912043
6111461079
4922279478
212828120
1431667833
291404406
2947495495
4785441483
2011342917
1382093752
4366941796
1322825914
6977211592
2178186660
1422723690
1987930734
8128364354
5939230460
4179827951
1359950934
6931120458
176424558
7458354844
340422812
7711781767
3629587660
3162324406
7077093525
4446343716
636981395
304185440
3001075196
2314610012
1471669292
7328667497
331935610
144390776
2059339188
4552426287
5473229441
3219750936
1833582343
4936818911
6797740268
7017317775
301203051
210616069
5469707847
7014088125
6704560032
2074313705
2463559820
1611401670
6353998701
1952012695
651046408
1572603650
5326034478
7547332818
3885827075
7418101129
7587223732
1435148766
1153606861
3955149402
5857802916
6992828576
1371389845
2320221691
5788758297
5537332532
7594422461
1575120296
479489457
2447851231
1807048131
7564521608
39482843
1786632765
6778904257
1116881987
509724926
2250804279
909432064
288522933
3958061345
7058600044
6208795943
8027733591
6449869158
2146869377
690784002
5857938176
1929779021
1342051097
7718009382
3169755064
1560609562
3942246136
5592438204
3035390911
3198211254
2203428408
7444672727
7293742357
2362057481
6801822931
4529926676
4648134358
6983962050
339454203
1425172863
6303426437
646886736
310883407
4540705497
1536746648
1755348413
6774662430
4039621093
1674406801
1092975216
2137660290
1223962585
7472111030
16363912
6270538024
350809054
1419403414
7347502520
1096151813
6828739974
5595547271
1948375771
1237941898
4111695610
272767079
544539238
5340788520
2236372001
2150960037
1175530863
5654131042
1034628908
7618375809
1548325824
7926509094
2218721130
1410022194
399246134
3107603756
5876396089
5766498968
1301556615
4758918120
4269590455
1523178333
5726086162
422815565
5392408160
7367149724
4259259775
494888384
6861432495
1513386226
6362388289
622574870
6767683028
4393157001
683083176
228189455
7462337160
2055906719
4304232549
1828885814
6071553859
1792092670
1384413416
5696118267
7153469987
210365227
1332599838
7856734740
6912717523
1713778992
1185165492
7475704645
5910399332
4115215285
2124460515
1367162841
7339386302
5994546519
5329274281
1376936380
6098330256
1081674301
7202302312
4705212823
530381411
6162105741
6059369888
1275421056
2921648446
242813571
5440501852
1684242340
4035400164
1626940632
5914043094
4947019373
237024952
335643802
4311510882
2242860405
308233629
6919068141
3180954506
6078494789
1604228882
1996501348
3986264516
1378862216
2189389009
308747593
1386627499
4231648806
3055934244
7740627508
603429659
5466614671
293005457
3271408775
2136473178
8071051112
5651281058
1166669257
3676331886
4103319033
2327622271
2070349367
6574387560
1569902139
1583995259
4981277358
6016690466
1664907586
1434911186
265526408
598540351
4163083342
6625279213
2145977125
6648189249
2231446064
7245199034
452683038
572938941
1616774965
2328279309
2271752474
2900803415
369879993
3651632072
6908413817
1934527889
1654502823
7937538516
2894602687
6730641991
506479692
2323388662
4124703018
2409931
1281439414
709696350
6764498898
326921055
6996821964
598635651
7743816603
5642603761
3906038395
367823753
6017323626
1205466575
1641577765
629644317
1438587231
7454192246
7073569940
3736907403
7287430588
590290301
3238479043
4106577590
2464630374
1922334003
1016839072
3079559087
1007553502
5475551031
2148773504
691627318
4412769498
6127445668
6206216269
6761227685
7085205692
5885524691
1670740999
1636726716
1281270114
1318464013
4992859370
2106744132
7556972758
7155119925
7393273441
4832560968
7269413749
6846554927
844345608
267929819
3064807354
5605146515
916697112
1225324983
2251291969
6016293267
2886722381
508181741
6886640740
1240316450
1589632593
2051892156
7590864862
7821198709
7157672510
186725449
1279192336
7474993312
7094991950
3090651409
5686322285
7166539040
355767914
7077646723
5360489775
31533396
4743971939
534670144
2068309765
6780627854
1425638717
1575333264
3248605498
4652528822
7338944258
1826602938
5686216575
4478582522
472685891
1284656828
190709295
2097515329
417427519
35985102
255725288
4541318371
7952522963
6908982878
4635502005
4461462009
562785222
4161569607
3663452405
6721887292
7049219194
1995676982
7512254174
7791420892
6478599304
3674853137
3579726748
1199755944
7910808917
1506199425
8070968736
1344057598
5333781610
2167410650
5879201115
1601920336
4669142524
1272706922
7908576625
7327277295
7441799610
7141438211
429687051
6726727432
1515747544
6918864508
749735402
356294306
1552899464
475427006
6120681635
276538153
1178270382
8009776041
3671610738
6556341135
2310142495
7041322277
7076305238
184465587
52956648
3297430816
3874325746
4365107148
4429908065
1208859854
424743509
6122440548
4868878132
1602932673
6422492240
1502472910
7971686919
4645731400
2604301057
4024094273
534889267
1702077913
401647087
4526304118
1822726468
7590910345
1151075006
310636427
1425526910
7538285681
208099988
5647479782
5451288008
444527405
6078934298
4521934986
5663271094
5468306083
3025169670
410720487
6888641117
4095865899
6915931802
34469148
229551471
177225987
3896509753
279307607
4065323562
1944499135
1710939658
6012296542
6368398787
419663769
3674350155
4776922845
607168159
527556716
6705333533
7767177847
7234985477
2153927005
2216062266
1150991539
292118568
1595859466
7091640615
7477450253
7581127588
6259634683
7257024141
7122832254
569815922
871519767
4271869809
1553980575
1420458299
1579639862
5633492632
576936675
622979945
23931136
4836594248
2212276470
1337790308
1282915257
5034910514
7587610053
5574755705
7572910607
2052520817
324963161
7665609739
1603639664
6635243922
5424255174
5525608143
3773171529
3623142464
1528720917
502703109
3062215271
3564343898
403453381
7118171739
6953991876
3445920994
1219361061
7372183251
1034776775
689420460
1957816065
4575060652
4649000143
6892868109
7876484108
202801898
7286241046
7778211278
1931245199
6086166654
4523755973
4461977046
402469046
1941949086
835395000
7648156620
757673950
2340615067
6078042073
181731513
7111704959
7269724930
5985828565
4023777977
6953187050
1567015550
482119915
4160650818
5949163521
5981447148
1313766517
1496074270
3302584695
1489925921
8136364577
551929557
4746722964
52970065
1722787701
3684476090
5754596877
6996814495
3569136688
6835058795
2139745235
461134788
254838714
2303301507
5590291831
304414175
5980450155
727045251
1681834798
1774977534
271635725
1407212748
1932654288
1573770799
7339369403
2142653857
290138201
6831383836
6865742888
543643693
413594592
5486002329
569749898
1536673986
6306344527
5752234559
6019122163
289253525
6750147635
2126114502
7337206635
7026460705
607115626
276069450
5508815227
3090426547
4361903125
1284723451
2541706267
6732184572
1522513387
1742473296
1777846698
361363490
1317422012
2247756117
6224930505
5766168961
1402149944
3121122620
5555149562
7434260739
6699750933
198368418
5833203301
1363281342
1507056773
1926056367
1633684208
319747812
4007261598
673729767
330456898
3726079473
4008299744
377387632
4284986192
1600050270
7441385652
5855382259
321066635
1534904348
2346174197
333131223
5928567842
1609176564
1935490292
6864328652
1472249682
4202529828
4479005630
8058919438
5387987798
5434844589
601541799
3513710813
596321588
260528284
5385968794
4188706789
7588361213
207210978
3233019148
263548631
7382780391
344267190
278864585
1358625838
3047556591
1641507919
5607825380
4730510081
3173160487
369966816
4937276102
684966440
6438245270
1074161838
1389522393
4076161186
1128211986
4304588946
7384614031
1304047550
446398913
414468928
6597958703
7608293299
982499771
3312639183
639414801
7726007341
7550416620
5381657229
484715469
7267716574
4365908859
2217626554
289185906
6883713147
828842472
4145369142
577695461
4012030632
2056276272
2287513159
7079612770
7034304265
1566800058
1380040000
288134516
348516557
243495918
400071193
6113918267
7425626760
461605823
1694526614
778059137
3106018887
5847023761
3103482669
3962906254
7467734313
1693140982
7166321118
4291488835
4726698217
1567499754
1444210690
8102131714
4466944095
2016321154
1275150850
6740371698
7891331034
2290974664
4082026321
255890778
349027380
2164712541
6015081909
2284411348
1375963898
734958037
327032743
1954461933
2002915568
6991899235
1338708416
618690762
5398760415
1595587503
3049088024
670861003
6041946396
7076008657
7092608499
2200277018
2237644040
1440356121
1590228317
3505718408
257595224
6002418576
2055557114
507673650
1192791785
2923558203
5583516369
4561551872
1472667757
1680441416
3619189849
1625549279
1832052418
4323802917
7465752993
507067048
4125746148
2208866552
2118558326
4744253185
5754371888
2312428265
7475176461
5798942850
799873217
1902822784
671555966
467043315
2221672673
3210349758
1695594025
1287027519
914334985
6920670017
2251340641
7509031383
1971798669
5862344356
1440383528
2944596666
369686591
7731689930
1423765694
7124293812
1621131693
2357467528
6888518591
4147683187
45116410
1651531823
4468482525
2124549498
178747961
8009007840
6495310353
1931488218
2126061533
2352070423
1434270632
5974624176
7375903425
6977783305
5614228937
524097907
1343803121
4130476674
1780334600
1181820161
674713818
1694097807
1660833306
5798356447
409687213
2258386082
2244301343
3115193565
1628328180
4315813173
7699375211
5476417252
1491357987
327196742
4970296089
416133931
1067085771
497283389
4780625064
1078975436
7968369406
5016519916
1682927424
4464809280
1491617493
5890408400
3264246434
2323373084
6906971793
6994430225
6978023120
1957069258
242764676
2308615998
1689742908
1104755361
1537963660
2334654022
6197572897
6712473850
1528609989
7033107758
2022683
208096738
1256347611
3266990452
602222946
3237114821
6821686063
7340474027
7464602294
3182266187
2119504576
7691283971
404405883
1397577209
2043906793
744976396
1297467060
1728560305
7959168745
2535364856
1578875723
1710632546
3124104800
1214760147
1937069980
6228058291
3240290283
1417030603
410147676
508100989
2535095516
303093847
611802024
1664199550
2121301625
4275150883
1548244324
190521772
328569894
346701216
2331908540
1303133820
418664177
7275693182
6651224848
578323409
5922606059
2067847618
378478440
1798933614
243410710
4206548486
268430902
3431166037
377408906
8021312217
1293281101
1699376524
218447457
1374282220
6990923162
5589504513
5923685773
8103964426
6042679682
2006372727
6958838042
1434855261
558845528
2877086510
687625327
7205785944
355197215
7064174375
321227020
259893181
6935196595
512387028
6287852386
1652960909
5520333033
4223560587
1696619040
6983129940
1022769713
7618098776
5373210761
7644196711
4137912081
3479576296
828255894
282987262
1002900314
330131007
7011838438
4021528470
1324923172
2311209155
4738245331
5812074414
1655655042
3925564471
505890148
1306201483
5417951624
7227025494
7542912138
12563047
6929586545
1408396605
1272213833
5379065864
6710705469
1238070556
1634221011
1153123262
35358417
6488532498
2927014500
1437549445
185023835
376780647
1101607522
769704802
1696893380
6900244785
2782589701
600359287
4348859065
218614395
4465735001
6086395
5344281992
777589584
2243721862
5762009462
3924273539
3020569146
1474458737
2231226084
246669388
5751244041
3014894928
2717548546
3480870145
4928357304
997896257
7202596407
1798512665
1904374200
1932926230
407770688
3954040166
362328888
2252967685
2553288496
280939052
397164391
546797979
425201964
819076295
374099
211843547
1119759120
1655491580
1088845437
5502814894
329026665
2372781069
2016659
26893235
3297374982
265982334
350695077
4376115278
1553449947
382274901
1523614528
624283397
2252588912
280264174
1194669231
391312138
1726905161
1357971298
361068418
3893195458
310887234
2835038
3290660410
1674134536
192205144
873229832
1174161824
1785926422
1188376955
4959277394
14805456
1021008224
3518508589
2159827573
234873015
1932067621
1500560498
583384941
236665057
4984491
1993725861
298660429
2003334960
400189937
970869821
3062186415
2097300799
455065921
2393628347
4068687833
20333517
1433774448
446042051
365858152
1424145065
1394212013
642864993
19437938
1924493693
1537505980
144661950
187984481
431016891
1476913782
32747066
3409911309
1265500544
5836038746
494981529
593548757
1493654693
52584274
1442790520
323543340
1450108076
5813196267
3630302741
1517117120
4776090333
4001835566
1522967499
342179632
303392128
495966040
251895800
1128868794
317845705
33734918
305012303
4522130013
367753876
249280657
5534980773
255941835
1339429383
599304255
190733706
2965353819
18258416
909839014
271464180
308474683
2022207971
2252773714
242525525
5894123678
363025931
596329821
1925487849
2151564965
1231284805
4714559243
4262517712
2084200250
1956178756
540192429
598061750
2057230181
5895733868
4092639636
2040635839
275455589
5512922466
1937288910
2220986817
277104483
851668687
294040072
1769806428
198864930
886097365
1759433436
283666675
4698182697
390131415
44311467
8675503
388405214
5596688759
330982356
265514216
1657551180
246330609
280939748
1173807796
635012589
412319974
1399393608
188217459
477482024
401448830
5381435985
145366163
929930492
1244367818
569711181
4066206949
5419040055
5484921718
3401967963
2204192728
32747139
4954690189
311006361
1606330766
305744850
1750648917
779743649
1157664458
5905812663
321048611
449682182
1025047416
1578497671
1346490418
1407954478
452554850
203977248
476962804
590659971
239676086
4284183200
1663476130
5360640481
5880799947
392283133
1361101647
2046119602
1283620645
1433116336
2283447268
195844271
986379794
37529822
4091363070
3318665699
4800895
5357491865
11268891
486251601
4288265239
49881942
2314690394
287005737
4483169578
353325931
245851422
273808626
314272499
3651250373
1357353910
5850656705
248483677
279219798
180949242
322058503
406801642
1415565320
268409582
3958460067
5794001231
1455929097
262357263
1065086670
1179153242
5925960220
546139559
2012420011
588246951
1979066075
641392722
1809444972
5667097151
1929257750
2226804437
212325977
501871931
1424232271
1766889993
1473156237
535677418
471138824
2239074626
1107363306
554198484
245974707
1637394161
1265620639
477581922
761209941
5868157010
456899631
5660162500
713206345
2444335559
376832703
5903883107
3317112930
1045075132
194542956
1336553652
769030386
373026905
3283771423
1361853348
647648112
5809959875
1381475654
4813939316
1419466259
273590194
865383751
322073787
1368541848
2021258910
1827289092
5918167429
4367206809
611869767
847838234
3033821362
2539194522
368212434
556134938
5530428665
5588145749
3246165270
4705179149
3064313292
1642115301
2925028675
1462053106
1380537855
4685874265
1437033503
1723888767
2142469620
468950100
5780739368
4116843320
244533489
2696333530
1291079731
2030999147
1982872879
188032896
1709751255
465774325
5835554794
1905775366
1608734667
1628483073
1521299262
2075810260
499110729
1350568687
5458511227
1436242650
2002216098
1396120580
2246634125
978748186
5962900025
2151225284
1339783661
1209279637
4190174857
2270980107
5967841969
5812536563
1130293575
1527867718
5654955292
4300146685
3440423935
5979656598
4812316479
2521413105
5650548104
195392945
1140369589
1458403075
5641180579
4019247004
1457738207
1411900826
2109610082
1519239005
3908011149
1622342192
2050770721
1277251244
3551765072
1193800432
3555576209
439272079
2129030081
513818141
1142756131
348101319
5517457914
461734551
1417041239
5989677462
226952245
5989510890
2562736423
5990924981
5609763348
5935570004
4173288887
4012082090
228019802
222308741
1398942325
4536443063
1798972029
3252762581
195760182
2520224880
5991590764
272358751
2204916959
2990099517
2464454144
319719762
1474479953
5918181003
5763139833
283873076
354029023
5689761068
1289361046
1962074585
331488316
5059661925
4229586081
2367833436
1714943167
4388902714
481987885
5924507787
1599194845
6005155293
1232102822
4159500274
6007660367
593977207
6002443539
436615917
2315800277
4775573361
2323709623
4578512708
203834456
2014476604
3511581777
4174830404
359014632
2282186118
1719453913
278839392
1208254809
4112639281
260401847
239311913
327094106
4798137955
1977674693
456405655
198272884
500452783
2279710937
219830246
2935163807
2228471985
2164755205
1316419092
1539975324
4248713625
480512552
44827445
338851761
2159338771
4293966580
383650837
4366063256
1503624482
490936208
547829534
5623423143
2697142712
2304466182
5035608796
3436806124
5789357416
6030910808
3944760962
290041479
1643251569
53032926
246364790
947310188
245296530
5550007334
5853047575
3316038187
5687960962
3609407322
306168724
6038098076
6039492906
5643664608
232799345
3246886426
2534750762
275233518
6043698828
6010966429
313260464
1504642228
5902862689
4184319849
460224705
3097367736
1296440188
354181020
216430774
668614276
329576336
874648330
1397561133
1069451402
604856937
1679151181
4403020379
5672602326
1296798094
1642080773
1434927886
180972076
1115850933
2083172480
6032430497
525933729
1916427648
1592418938
247905434
3304400750
1010267574
416948446
4278960045
6050999452
758763419
4157986114
469903590
2014977095
294949848
1445236506
612380068
4777497680
1630779680
3544300725
442071206
613872940
4916099690
3908677683
6054929830
4294259232
5644478340
2848112745
4304144177
1683814045
274484821
3662942844
3557672144
3449504098
392345415
252631718
1977311086
3295043034
5732327575
5667401597
3918937862
3896459662
3309374592
4703367185
851187797
270323009
365803583
6050651679
1571945416
2006529546
6065968649
1755323473
533744584
337104211
5551437494
257174222
268596749
4031748120
1513542813
355044968
1767488125
915336200
1277325280
2404474870
2055749206
2182418042
857110311
829040459
1904981445
5700214519
546812935
3184316501
654739305
393901759
2184739503
4556253897
3178835533
21189260
5378944472
185361289
248116175
552660899
230854551
963840910
1579169127
5856880694
357212617
5994572081
383285901
480446433
515334869
1041717377
1447478234
1582414975
1974074323
325502148
1244165304
238558632
1416917609
3927221082
2003177291
5761940238
1042957593
648026951
3247496361
3183986064
7108301362
800234234
1733214554
3238910185
879816578
2974438715
6966800433
7499975393
3571833707
575873227
3959047036
7961910079
1133837682
1178956282
3659239049
1421539791
3253309269
1517501354
4393123243
1400632505
3621294134
831607234
1937002349
3294030157
3919977291
960428461
4868671698
291393865
1749026405
270499527
3247372185
1504373083
3567734761
1364316971
1210722253
2441648872
1449072355
1296992509
1290909221
2035167423
3197026686
1380787103
490493806
6924162155
5927001228
5575965937
1827637095
3248555084
6964410156
1166280329
463714843
1365883003
3194616291
2515133588
332636646
4855693374
1025556884
3208100923
2326966744
3200796748
1445898629
1006871119
5660937456
636750115
7854587529
1823706609
