1903713430
1162820594
226706553
386467032
3557388703
2282937620
223767564
1784768697
405080456
2018110428
8199385610
220456558
2097856187
1222462749
1414882150
3527129016
12815759
5532406200
1080911805
5685056119
1106342817
2264389549
1699736384
372384400
408962588
1513393631
1096136819
1514705331
7183169023
1650796880
712302171
321512389
800340782
606751048
2111648522
542812782
8035685297
7338391781
337216379
5530371596
2385332192
2066727053
4231213936
1485612420
1813332692
1602099252
5940685158
2075361293
1106858755
2627210363
2009026265
3122118769
1579686200
6648113455
2095605386
40266415
9450443
841753012
1989231201
1963304153
1924826552
471835813
990688341
236229236
1564071323
4329946949
8147120332
5468432504
487850128
3268921227
5652541843
544537478
21419153
8109206903
7942786020
3991443755
47349117
614285217
47274006
2283071737
349689748
1489356367
6706679682
7997830604
242612793
1736536733
422645204
5774717107
1471238013
1391154988
4871086867
1369642735
3587787833
235069696
3046441934
808823614
2360316039
6140013102
282880307
286850451
371049028
1122183704
8411329
1508704701
1064044742
4639031479
2182665405
5886506246
391027499
6421170652
324862397
1620864648
460036520
3145703077
7087507149
2251414367
1292653387
8360356867
8318028565
3506632000
1184262702
274992219
981467446
3323063678
6647107024
3225156312
1998138979
1313035990
5832781129
334699432
2270088134
435023995
557007959
3507815521
1150592325
1508099707
1516412024
589807847
252149912
4169946159
3458256678
2281799204
2096193770
179915620
4019296278
1913636172
2080026509
1465586184
5704887875
466048903
2962286144
3926745942
4587701516
302359642
3561997746
6167280731
7386446943
4112626155
3277499491
4613904282
4454545609
3918671302
589593484
698452319
206430584
2016659
1402473291
3555077411
4510221285
361723178
4331281625
4592938352
284920884
1798597126
5418633207
3242606319
355009091
5890646472
4427339353
4542233150
691739915
3503131416
297203223
7948732626
1680425863
3221346137
1254665011
3298840450
212058497
1511721023
7460213556
7003305951
7946656012
1965915534
7530773496
6834146388
1213605660
589574351
2228542028
288151514
1134971510
4789383620
1684498641
4846945684
8019360834
1708057634
329990753
6454045356
2150572104
519211023
3959294050
377471753
1527544039
1912066652
557092263
1497870236
7525197606
442256790
1837922200
36411318
4092460531
5596667170
1953901472
4783741833
2029467403
1328549707
4658798613
472760344
1501868121
5836916882
366839881
52434241
3914730648
385614857
620632224
7795663169
7401784871
1546145846
4869066039
4482193625
6635863942
182165476
344263492
6200154430
6018745286
3288413759
3281631521
229615131
1583766724
1641910496
3044275521
5814179475
5930716269
4056760883
417257747
7550143431
183772985
3409595495
2110185486
7167367005
6068765397
1325200565
7381882134
528437159
5822659671
2151349911
814380699
8451523590
4038879175
1613651401
1178403939
7412894903
6876429729
406799389
889430008
495658564
1796474284
4066793755
1440356121
51197596
1208932468
455206777
1251765144
1413241784
967004370
3232843172
1952863416
2011572584
326655703
429728533
4678053750
1285375935
2100885805
184472798
21932462
8086688680
430205619
850641565
3107746123
2071708241
1791967940
8248390448
1609427203
1652026946
622650666
5968954106
541661047
1622954553
2239635034
769844473
2012516037
348337802
8380268232
1370407805
2950569886
8036373305
1733483141
287113218
3189971533
460348763
1317687182
202422241
1448554345
4486547485
1202537828
202438056
2054304215
36811336
4207794196
4856077634
453701750
2053248744
1799023564
258837006
3009872095
7046330335
8372093184
6433016516
654053071
1253837729
3644742525
4836755522
555440690
8237574088
311574496
5922954611
632886588
5391037880
6303067996
464056113
258387251
387801443
497793038
2514072397
2096183672
144510173
1396547854
2944665184
8212225424
6287975531
5981647333
354106884
845218287
7347520
4369275993
180119627
21166016
5652459825
5427180797
2219212207
242484439
6831793509
625870522
2211110202
3898643604
7165699779
379091551
587898580
891322605
2959416976
7535223869
1066992195
2929236921
583628268
2116377305
1373017985
1966250591
1904743880
1949691987
889969132
4551523302
4992342956
1116555687
5726966376
3083650112
232502302
2177754054
1065335512
396948496
3921043585
4798137955
1074617318
5422650267
1184457291
272461571
799452531
223729904
288704315
509300327
1602695125
935252496
4318369594
448498634
201685285
328409643
6896591433
401326461
5847640472
1433360490
2199299419
625011528
278575409
1488222634
6340199060
1440992674
3269944748
8089532289
1913266886
789522340
1251326278
7953085674
2241745290
227580739
3449650145
710409731
4046828103
5337711701
2325927765
1456063025
1445071025
3502522397
1819309678
4127900216
1550993370
1510613704
4189740113
2142823614
520709660
298880215
4198746132
1318675896
2205416501
7687377486
265507393
4207577374
32577378
575881733
835978470
1924097473
297159757
2140285790
1522117584
7937177821
8231327351
1646285477
8180198161
560197211
1696623018
291650512
1536112512
1523044239
1269217538
1043304663
