2205627266
1175998209
1457750623
945652051
6470701180
235526689
5741513230
1603483214
784347595
2002016922
20836788
641314367
217017629
262159282
250540768
342179632
2230854167
4154703213
205368237
4837632107
359484519
1477137086
357454467
990545513
581715143
7392576692
4632731790
595409108
440930332
1406255822
828550658
7219138516
268607496
5075149316
1995728218
1952641018
6876866969
1437369417
907927178
3039065223
5487485062
1153882820
4789107957
5745955028
1702725215
4283166182
533096686
1523468590
491499849
3548615655
6778770069
1636525244
571172283
6917296320
7154104828
3079513384
440737046
6661054374
1322691361
5701705885
1078981772
6332367585
294343500
1390468514
1468285319
45981513
1104990933
1077811563
4376235225
3287708344
4648727877
2220576367
33779719
3921447302
2362501573
560497077
1595963417
5846931398
1730631863
1780988709
1968247558
1833248474
2021816790
1604937420
7130315883
610354562
7176306147
1818579948
6274122111
2235165492
1129176615
1538610030
259830875
1000429885
6733138896
420090399
536415870
29661246
1350642951
735088087
1030456924
5508962500
1418749413
4459952448
1476885564
3021085515
471733441
1418681540
2037324829
3231617907
1277685718
245813176
583020071
4345488406
3188182494
868269990
2289663574
349038011
3668054728
5761015329
411320685
1654041119
258496092
2191983851
4251234000
4066703371
5529477970
7296619278
7310376995
4612085039
2136224982
728647693
357699936
1008113744
1731225165
2219647158
1340856312
2080555359
12360887
50325363
2122204503
2057871698
1803540918
1411071749
3863853699
1587754865
1557424418
1340966115
1297424046
631534814
5053664019
555851661
370524727
7144300859
1621309084
1733032051
2034442548
1664926100
1254260033
3081413863
4765021320
477165247
719669918
1794787590
1505762782
1316127909
6000194176
18469390
6094161571
5999320921
6224590494
562679337
5797310862
1243904518
200835328
609161619
351795087
551752410
2178067041
5384698073
1420037947
1102316316
456402095
2004436611
819267555
266295814
3174607068
6013143328
3032991551
1160965264
50081339
1088417946
195581000
1438426699
1022299660
5473515286
1337435373
5428102186
7442843205
2245269485
7340396167
413337181
1579193731
712937350
3541158920
1530630961
3941806110
5714197535
4439929830
145574130
525645624
6903640872
320225324
7230363793
1592298051
4526125389
2107159036
467108020
276871892
2309205053
1428858248
7168972809
7215624473
256565817
1556509622
2107680699
1406222975
7338554925
2201177419
1699463460
4014779200
1519355023
1701653260
6744649423
201895167
567817361
11908370
1632211039
247920047
587920168
413092205
3300769558
3269306174
6033427614
1676471483
418231305
181915103
1809225993
4555041209
337126664
683567396
211341688
21888463
333900832
356704797
3165685806
857712563
303119169
240132254
5845005539
1556866897
1259371301
198605241
478336690
486858791
297188878
1762115483
186222790
20984648
3908677683
909269072
265940368
2044203160
1394152590
5992475106
4561348684
6866465802
7316641531
545906319
1512304460
7849741894
7119941331
343656571
6983116502
222782206
2365990081
7113705885
3006995153
1527263350
318236596
5896067391
1537155863
14350848
1917129624
4840592030
2673592073
7076105716
4747142061
1395802386
453161807
251014410
2063041268
6511256223
176390962
2542993906
1750542214
273138735
5760416684
1339655100
38346581
375277436
5535096078
178752263
242128767
8413649
571168978
176267900
205917648
2267667074
2127724053
368105822
281761576
4885995701
321759392
1616979235
6782320146
1035000751
4885029112
1352472406
688019723
5398675462
267806592
2040635839
868000902
6468198970
274889452
232768225
429128097
190779887
4844379256
322766421
4374617224
1387797418
1203444601
179493187
1469241628
56137129
370324126
2070172480
4224828392
1094402719
190544164
7907115451
5761104004
720686656
2139159264
1736221814
2710109166
6857549987
2252780434
259673419
7140245983
3070203763
4100766929
1213876121
6913957235
5771552779
7232538907
2224643729
4494036265
1683710506
4011456863
1480637443
41806025
432690072
5758013029
5721339475
1417577558
1001222178
6313542071
601451450
1554436111
2149059706
1372236136
1428767762
497799226
1188245678
7944947521
4633336232
256798845
6649920456
7419578389
5610324985
2027326056
7916837069
5122018824
3274749830
2207700885
607739920
2149665321
424615978
1530219796
248129246
745913820
5487922852
5687487718
508280164
1519150726
7877314190
1907479261
1584078781
15739343
7311686942
3321147892
452438794
5731371351
467807602
964669780
659604609
3087390393
2437391489
2216897795
7069252355
675223786
6065581738
537688735
1263148780
7586528221
1942179072
3922415805
2060744879
538530103
3074282075
6893939283
2246876388
3034262080
4820107347
7160201570
3165119702
834509427
1918267583
7805842915
1511583995
221675861
2010837212
204533345
1587187204
800938932
376248117
173864419
1393828803
4152310720
7686867731
6241721338
7137616125
7771993871
2009926710
3185603152
6037067603
2096207451
5705240866
6160962103
1650072133
1529549689
7943679421
5809370570
428968808
877815975
1417828195
1200289532
2384215633
6843528323
233948883
217540741
362832499
1949821715
3109261665
1159125374
2281134329
390146430
417629672
826225135
6247213075
1903048218
355715125
1947068320
3448487901
1691570415
5362601244
5528445740
537848664
481255190
5952553508
4459945996
6941083416
6123291219
1369120136
457142103
314110544
1483779804
7913553515
6691763856
6752156898
5400205565
1299549537
7749531480
2165641290
1062330533
5989245531
1793171730
7437141462
8022708653
4128662359
1182119223
4523714584
1583449735
3450590393
3974742116
19494789
7369232399
847698716
7002828620
1332803741
1458056490
2250802081
2311643093
1957816065
7190645601
2094467190
1569199302
7620911104
3308941267
7913724567
5368675171
3557637188
1980698812
1267386606
1917944154
7570398253
3889727649
1281868282
300129354
1556889873
1270273696
294861109
1584620262
7813664532
255652993
36833163
222875530
7757238951
1082046704
1254510828
245888072
224534610
1953496162
4231065383
3155835041
1449551236
5921652847
5360593921
1452004089
4830462294
1578393255
346480777
5479582161
553163666
187635519
6191283538
7221165994
1917175750
1384991836
6103139606
186732420
299271122
2218297587
2241454062
603813104
1756611394
4239174022
3259317915
347701318
3108025901
7243936083
7602928924
286914870
217688311
2139633485
7425079512
3941642924
654739305
1669097959
2945118679
7370389218
5597783329
6978578420
6464755074
7340010467
3791511091
2692114920
442363755
439890348
607737823
497580402
7683215102
1265183277
1299597207
502301295
7549059904
7203220933
2227822636
274394305
6679344407
215834850
1128241721
1596550163
4337895982
242231841
7816819307
1133592372
6027990896
1392943345
578080807
7219334569
406418999
7874078207
2037462445
7391018070
2043716845
4275097448
6175532998
3933130400
4293735489
1567025747
5768938736
7933696229
310442703
3106300746
1756423076
1818952922
7468186435
7667863884
5612644133
1512236086
3518581324
6231473016
5954263084
3464290306
1961759759
7433367798
7425834387
318186075
546196452
1418057102
1102330124
2113107570
372549136
351428947
1618486092
3669891790
564174395
7852979
3412531429
481853678
4523933508
2304594703
408212053
6220889956
2077534280
974227810
1115459812
6021320706
1508290301
2261993214
5712390054
2886297913
7099519360
1380050872
3302652155
5474624376
241610031
4824794405
6058394767
1087907371
700179918
5383478
2042377770
2081095616
519472997
5418886137
2268261700
6029004410
313568264
2825242365
510546151
56083771
1042856787
3142129921
1388130234
6572009300
316609700
43993818
330838925
576549783
6467136208
6657351219
4256094744
224116842
1157532838
4077257088
787096329
1272433278
1106858755
6195038091
840640279
1490453631
2238402278
2679031813
5679006902
4069235184
446148341
280814404
1903173923
396712272
538336282
968572813
7352056649
7307033461
2075252781
6188792036
1391268950
7359540009
8594423
1716721395
250593929
1374074910
4783307637
1674368619
515991159
460338762
2068880827
352130191
1155588177
1509474024
6953917685
5830498839
247648497
7733572
354623062
3297503819
5396895652
415002178
252057701
3027662867
5968614766
1456063025
1488853716
7368335834
7071135236
1825574473
3007973375
617231703
1924592733
174541848
52687730
265427076
6175146237
260113964
7121350030
1497921576
8575515
1632183668
304197929
1595629646
1593337544
5885524691
386971667
4831938012
1658701995
1928612200
628525392
4580190501
2517660238
1663091100
188884852
1434341375
5867572761
1583393537
3007972104
262913682
1999054341
37895182
350000946
298151389
349149844
7448760602
434990738
873229832
511043300
2306154856
1424102663
1647055375
1424460557
7171975840
5929939317
5605907292
1059606054
2201751450
1549055712
7269472025
4477788079
5051276486
7203317669
3538037910
6858843826
3923142042
337992994
4360197776
617524476
7372183251
1973410903
4219996874
278167234
3646423980
310447731
2441036656
2137202172
4481283534
6433416804
1469331522
450405407
1582204260
303598028
183532877
1404565884
5370564651
4361150056
433285144
536596890
5550297873
265124021
240867518
1703378985
1325194076
5766515128
1463379114
4356991792
4485994297
806452583
499826814
563839219
789634566
316016955
144661950
5779169094
470868114
5468043333
1001130797
6687895186
1241883141
546050914
389753090
2656199171
6031447161
4652181146
7028955909
5848008563
7109236112
7387620506
424476706
5449842398
7336998542
1517006581
5407124604
570388068
1715765421
6813184335
2575369944
499211231
266738700
5947763310
384896910
2291899154
929390268
4217174905
1286706364
236699862
5366948621
256146358
199809407
930097430
4182060580
558231098
360477193
2667405224
268919808
1193249153
1639564984
283888231
2325927765
3667279125
1513542813
5604150739
2153310501
202801334
359051262
5333385049
6318252383
529658214
314467647
219264273
233830973
601462589
2080778932
43539475
491531737
6719156793
592062646
42702488
1269722646
6943584494
4513568130
258586457
546139559
42928203
1535885927
4495395955
3079648243
2103557024
3073583290
3549575783
392234658
203411836
3812593742
525585534
369803435
429728533
4648134358
2245489664
22475460
2249666306
419335853
6309948519
261547930
6726727432
1691783193
3246050850
519043651
1624744600
857857086
192263455
355009091
7377132013
1169936645
3882903799
3479615388
403408919
6458406792
321179134
203006874
1820354486
221167381
3300723361
29060151
7068251766
5936811988
6240201747
1291134682
5475809418
3037500268
4617328032
6202130455
4011217480
5525388722
1596074792
7204410406
1324338081
2213134649
1412152798
3596174350
499237925
248913137
247337209
6898106080
1759889549
1283700002
420671774
1438655606
1800364558
5550483457
4016449732
623736871
44936395
4192082212
1682189392
1050199056
5787887071
2300953702
4103087878
1438537150
1402105935
3155263001
831083652
7069387346
1976320608
4502597797
4843360488
3960214813
644573490
1466046925
1628198188
7215982292
5442328878
3044275521
2194083517
1913496727
4486819325
512211175
331327321
1498755385
7372506128
1470653488
5110080889
31466031
606019157
2595100616
2099422491
26700085
3084768916
7227415519
1314343351
1542827121
1602161820
3078241302
1382500728
175353759
7150604919
866012399
7416963981
3558526989
1396037586
1542264576
5512963473
1633878866
4565210646
3237024044
1508592691
3149759792
2200529440
39539463
195049150
1291883058
6310434895
1457183252
3044997000
2109344343
599170003
3580321286
1211526982
342846697
6686450685
985664070
1579445496
2213089009
2982657
6979544040
6340909685
229615131
290420141
350695077
1254665011
201637291
616045568
286724628
493769501
348262253
2312854555
3217538557
267135152
3597142374
260664591
2555948329
491572202
331374206
1241632463
1551558438
4118379487
1565207494
7361173682
266520166
3163290505
2206620387
2976283734
1523871411
492830391
1534505522
264545506
3939293593
55022686
2427314879
328461077
5819013200
2957382692
182829348
2228758932
3020730257
7940951599
4031941649
1238601429
5804171934
1441571571
5408848092
2195502453
5590948236
3015883061
5395528340
943053040
880106906
3407529012
3533743894
1604921635
7954638944
2053104628
3969628869
781926329
6273834165
1554663746
2311155486
550638540
5343311161
2108348025
1094021839
2346508309
1397842904
6512387236
5491393403
3112613853
5812205133
422124823
532893827
329694334
1531812335
50972995
1509302832
610705426
445851752
1701137306
2083627598
6858727467
1570686093
8008725159
1690550825
509341845
283851698
6847155086
1968049719
613383495
3018591373
7202596407
6176108801
1969441323
6810490128
1505729174
1689337773
2089009981
998449852
1353568367
317751970
6354098578
477765050
6951294902
1413205019
864788986
3185347874
424558236
227001913
3463760030
5354592547
4118215492
373831838
625871645
567146631
5539765317
7183341417
5445663001
2019277450
6609214370
2059301608
5400667918
312632706
260941561
6663804143
6082349587
3562002744
192240883
6691513439
1572596081
2280939004
2245401667
55361029
2555037996
2229317889
1615519056
215893797
2288716434
823045066
5847577739
223459461
6030058329
196918821
6098659662
1822242814
299733398
2860496920
8220234000
6082206643
261896389
1065086670
181387391
7962434819
1466781942
576804137
1240973502
878936180
3440412218
7793644350
204433915
6928776101
6200785496
5803170831
337906388
310653823
4633672052
719193083
300909990
3450485589
2076206017
6779322795
7080300257
42532489
212095618
5472592718
2138656221
386958427
8804723
5646486959
1905389288
5952936229
7566749650
2992490455
2714835721
7374549949
6445135722
1151409831
7032622049
1507982557
5778741520
1094037957
7314103239
3901263574
2310898611
1632548247
1472695962
655607964
273017563
1776993426
6650485908
3028532816
7095553251
717295195
6140993996
376255937
1297686884
469478247
8171422589
3693915027
7820267676
8001491589
7247034383
964342590
6274463122
2380343595
8226351246
1157594645
507930681
411679799
38181216
1619639504
1036016746
1094187531
459824789
180141028
355285961
2172052457
274471423
1974244773
7696032431
2957871069
6393330329
1311383334
6437983258
2131896070
2131504123
305548333
6901482819
3926500228
201891485
840470496
3012088335
1691133705
7191238840
5602197092
5182229888
53759885
8139152411
1346894377
1192891652
2963330157
3007532876
408497151
174097540
1642953860
3317968816
3453290737
3087839153
375738143
530692711
261991248
37764272
6386256555
1250949781
7226332199
1730801907
4150266875
1523309584
2239104004
338976247
511086124
1296947177
5628269845
7316065259
2241133170
29830957
32354817
2134199735
1355521494
394338152
8212202640
2066953421
318165402
1527807697
1906337140
3243670
527467818
1187364857
7257678985
1424640395
1106882016
3057980158
7848675321
5950141220
210091870
1153446356
1634317705
8055910788
516327369
5600449677
1372661682
703368623
8050289081
7334507889
2038372888
1176443794
318349339
6283477083
1978647678
185985666
273037991
7693583967
1450774554
267106924
5788859268
2022996847
349228958
374625537
32929468
7160304908
1292938007
206898162
7943285393
1529705410
5460091813
363368196
3430002201
6447673870
6927870886
6195484256
596040465
1685866196
2064513666
1517144879
6812760510
1283020459
7756369685
207852227
5699020585
287755066
1699959722
5929614143
8146093141
1563799245
515046623
242571407
1658694478
319058618
1822631083
2105752007
4646642798
878621991
6992366505
392891790
7731174035
7731258989
539827166
3218100057
253526969
4919880536
7046610541
1537392982
7197963385
1468340054
2023636036
2712475005
327901738
4103312803
417734004
8244063604
2538594174
7389192521
1660727606
4978622556
5562308889
2331517398
8120012752
2023267875
523733047
8172034828
293479108
1598925607
296231884
226486933
7011239622
1259190277
574438737
1280029466
3930488970
1289212138
5453128007
4090357538
714681032
42319105
468144079
337664017
4194465446
370549010
1482071433
3701714940
222596594
23577487
4243938702
1395452665
8095352657
692511247
8175479173
271241311
646913426
299380209
472987539
490473603
5579870693
466939857
3103541005
1163360848
1521595179
234448524
10389416
3307786818
3435847976
199379532
846527157
420368067
2719631902
2092194107
8139220472
179605422
202225169
566250222
746625984
4713655871
3457474564
1283665243
3895592288
282027258
360710328
8243362107
305523197
585715313
367525652
346154332
181456254
449604512
216347532
6680860401
5592847869
6126671264
3605173784
4105861312
7540138831
1614896086
565875841
2211710719
2288789555
197695722
4320135427
2016551326
248846469
1593055120
6953706304
2935301828
4532641806
520670635
265641464
7493557040
1734899521
5756218177
3980697110
188125301
337713422
3411090232
7443170247
5005868
5691651467
316931861
2158331369
312272421
190335918
210089001
175119275
1006110734
4776476576
241899934
5007066237
322428399
1940432201
2035066751
3162089528
3939352031
642864993
3661491623
7586663382
1283796623
8152694642
5506240201
19258057
433960577
6797313917
7055144004
424844494
2144924479
5663902698
4138883106
5903592629
5754743038
1973669535
596066527
46598082
5498008788
1739802746
1742638915
6777533857
5573365376
3628259935
5531424851
1661961159
3912205930
1037102911
7655811251
7509862978
3746767602
1633986632
7515886976
409444088
8056544060
1326828313
269783077
37284623
6633631873
344678168
869019094
6285697295
1078338038
248732966
2297921468
5750557957
7659227772
7773209506
463027207
3319990688
5539851308
5814740017
956369231
4357178934
1506105508
3433046292
3534087641
252133288
3081835392
1164109977
288211957
649255439
2254285925
8146222830
1066722654
7370958398
218497129
302337764
7534970831
42423876
49565134
6346125549
5982511355
5405374258
3462956320
592697063
335698210
267184913
282733068
1536978624
4503675623
6109850217
6746592609
1338462280
3558086276
3309219221
227265387
1224405219
278205037
242381716
7375072297
229642548
184950626
7681245810
1257734648
7608255977
4769832478
6742995805
1599044284
8056629628
4070207499
27820761
1313307658
7602606494
45495468
2435474411
3317068949
174992830
2200990591
338398905
1094738698
5439490869
5534895929
3085322451
7546322955
579306785
1475949568
1112547944
326528082
7881203341
3285820758
298226032
243947951
221005831
6823501410
268859273
1309094610
2262822810
1368647054
268232450
236052706
1766608299
145201451
2099975242
4561194782
54122537
218376430
550751123
4788665613
769576003
1049560362
1561713590
3113145621
929671921
2479022978
52667019
8062981725
1271875423
1654008468
1350775615
4159666310
4224936113
1173833726
2051330579
525056942
1487575009
40803255
2287804505
8223717179
597847077
7957319755
189038558
286128264
8079277353
1597778460
409082809
6989145953
271832470
5509730929
3005449323
1315515424
7196560837
2309524089
1522574143
304341030
6108806965
190804709
5596153094
1309094633
7476882
1045773289
1114791472
280156618
37947037
354140571
269892018
229059366
6229320902
2180441190
5819724500
4465428366
1382609571
1977724719
625114267
1641917240
5358380328
340392502
745958917
329663159
272002711
7357596378
7690669435
1146152163
616157343
7465901645
520409779
3682297971
252634135
5980743665
2056762672
4542681203
233532508
23573726
329392828
1837875640
8053950826
7602081665
1335703045
5640693440
4958243380
4469142908
263547242
7991541552
942962307
1463896570
7250070249
846549979
7572931253
1720240039
368825227
341562129
6324202916
5610213568
7816813508
7008120152
2173970842
318488840
1092639714
3110588266
1806763019
6244790886
585015564
2236566763
634687661
1505218381
4117217189
6058925015
8104160157
1929801286
538515738
8041063183
271645498
374137540
1718742282
249614486
7748898131
1727342006
1101302427
234740132
212814538
2177586466
6032558702
1465745836
2315471883
1537846058
3179305440
5623020744
4072731760
7138321719
3193297528
5848185089
504314565
7784572468
1096881723
3772317361
391173452
5905067353
8070163508
319044576
777919595
7725753555
7764303290
1412256749
1058777526
2024461303
9009725
522705865
5501826029
187437420
7981993513
1488492676
288870952
490727327
329531936
253744333
7003305951
294718261
296322741
3891421356
4060959418
1799036338
1450551304
1450906883
1617393637
13894781
1312232185
615480813
321497354
1668831957
8200159833
7334661033
3266105322
236068719
8150280915
257693959
4330489243
1328351609
7847525158
4436982957
1659810551
6539112741
1772926863
2071444298
198584081
5923310044
8250248575
3302023183
7170366122
860257852
290577107
622904731
243885662
1227526054
3468544841
1678463517
7532606133
48976559
2216682708
6933020083
4073889953
592638975
1398160853
2090275497
6068765397
2134186687
2460152913
850237969
219958961
