451227154
239077495
2001471511
6067445146
2177586466
5737210058
259641938
3876806425
261240883
559479478
7399547527
6881750460
3322699922
472448173
2950674180
1405426917
289180092
245465706
2219647158
7173330499
2199458935
6267102050
531856311
1294250230
7967766817
5892805273
220993254
2022083771
2966540586
524092692
4743697350
17997476
1050199056
605657310
7164575398
2612554552
6274088761
331485380
7416963981
333634886
318294009
729404198
47231684
3949803814
4574695312
5333708971
6806746619
716616140
557819345
358523251
1274180089
6465486499
3682037260
6278157104
5579870693
766952274
5632073900
2141917173
2350703280
6294694719
7098870742
801425930
5088254680
694382259
1136300261
349328750
1185203622
5816186077
388738069
2298998882
2970148311
455595837
1730801907
7057403019
6539112741
1299549537
6965283423
1277217703
430004317
363189474
5348920264
4034565980
3937416262
232066090
244892734
374135447
4647220548
300961559
7588178464
1128009505
985748450
1318291113
2059872486
209140078
3645478775
1374293797
1613224073
4694239895
3265386941
4357339872
2236928414
3705960725
2249053447
1344049506
228824391
3588959110
349155091
1340955718
3163290505
571885262
190187887
4538720642
1394022219
2037764728
1535881126
5937147009
377174303
1513267667
350491677
6891207283
1420857542
4296564504
45281114
3439868430
812970344
370319020
1298523411
1301905345
6899021179
1199083130
841375382
6746592609
571540484
270396554
1558617947
1422801783
2116457436
1099692569
1114791472
985972814
4300936716
3184769056
6889579218
53772855
1597802375
1830300391
6650335461
13610125
396914799
2252215569
264001008
6957495974
1983262688
343708471
2025400158
6876436444
6294758917
479111516
594310806
1422385394
607526739
4158571339
1920598483
856005803
461545389
1510695207
1441543259
238934448
6215482366
1275757146
748152072
2219658124
1220740245
5400025267
2030409811
6216212684
221726295
5776351817
2121930646
327252928
480458376
501371745
1809077724
310685458
2936387649
1590352742
1537987260
5980209760
5613145616
6858770992
1431957397
3923646267
7258327133
3113235874
424615978
5884000488
348244139
2080355947
4245886573
1937074957
410613633
269423481
1102624952
339423064
4551733534
1444097390
368137531
1174450228
6332626539
450341505
1118761377
1428019896
1641213027
3166633233
1659468235
3650167192
3118285637
4043102540
7338417794
4324911374
804640937
1520925370
5560447975
3496229069
5646979123
400462412
606892961
1407410164
1498226465
4966734065
6464320134
1635125478
1065284218
5919251316
1537408888
2380884202
1559956495
994564138
386057959
6588556984
945862838
8135185533
5721703506
2307619933
376999134
2310834563
4106806288
3662642303
1486150994
1610952400
256131407
6130939135
1147256221
317852995
1788082724
254446151
3876531101
2446223497
265507393
389892572
8125552720
1930024170
1360178221
871275417
6139895495
464056113
5213976872
2323897522
5484871952
1480458418
4298503237
7088701004
3595625799
3600205933
287115180
428163688
318678160
385837274
1609646374
290364889
271051842
372450945
1392909430
1303912921
228727381
193048782
2255029856
2199795482
35269889
1163906996
2247240162
364929792
1149458903
1434279410
1488820455
1068214659
2109783434
1906867911
6973487361
245234566
1181051051
587915938
248141414
1090853076
2114481089
5344298998
1449998387
290354134
4480362196
4021623958
1098742707
4843678352
599673402
272433861
1525425363
3267243084
5753763217
240305222
1379892262
417096035
272527750
5714538929
188464194
390312998
420533184
376015101
2043460585
4862323655
1517533181
224261099
5400904635
487997521
504227536
302914679
277648209
1621324146
2179336292
317849614
437099892
1612577242
185302615
367630134
4319880904
841927782
521237987
1021405122
3555641119
1146351755
327165628
32238784
196212175
1718660848
5735078310
225384181
662381910
1579302554
6012791028
4839035823
1742638915
37284623
5778741520
6830807831
4150266875
2768297453
1646215510
5846494654
6309948519
1220143912
6822387874
6197071440
567817361
1488492676
5845146044
1515063148
5905067353
6826122962
3269306174
4127418454
2208779244
2134199735
5601073929
1720639677
354227418
1915010403
224341281
1524214074
449604512
6095601149
1481152542
1465745836
1168938252
3564613061
2067854450
4244312133
4105861312
3270615719
693105853
4003189189
1240973502
1418681540
4117217189
1330423884
5847577739
2218776047
2067760454
5671684944
376581335
5651539677
289928938
971911718
2175776763
1229369615
2944002966
202808999
1447419476
1466062345
192280081
2204669576
271382291
2006755761
3584677475
522602578
7111855783
510169284
377098013
1572064762
574646486
2611351110
212108290
462936466
223665434
272759667
669801111
2029926875
7735758792
252559987
313747954
1387094827
3736778198
349852914
267568502
536086261
4615549222
270631423
702841154
307392111
355124028
4532774514
346171619
143760446
702027920
2340046600
612714256
359953482
387138399
1579125827
862270493
890863709
1160823929
1542119512
5646999373
291594905
2239053795
3967384292
330747597
686987756
306995745
410910776
5747603069
1500143195
1472005261
475463268
232053787
2347787420
180947030
488582740
230698470
26463509
943388399
614667900
273711281
792317302
317141648
259067377
328498346
1201876320
1338497874
1214298554
338628907
1582943180
1168801236
407827163
262475845
634857745
1293508751
226190192
3915372379
3407080807
246194650
1510468587
792741932
285600037
454030579
227580739
1729607340
1474980251
22172334
266558833
590373971
1486003778
383571012
525585534
1383788732
4170212069
647520962
482681849
7273882128
203832679
309355604
846811208
236683004
145124394
500000847
364981626
343313872
1279114836
402112805
223550421
234617212
3028289719
527454450
1719684380
908777997
1367982251
263133341
547951939
422935531
2340736643
4234065325
295254297
371502968
387461459
254221579
517589471
3646769523
2113283964
5581926458
536502996
365590529
1615683309
7184227876
389761111
337114977
1486098632
384980512
3473828336
1325298150
3946585168
321426727
562609538
998093466
302280125
581318292
1046356450
914389943
1956753976
310869869
337534592
2138675046
367550450
267840250
32397786
1383736636
516256417
44435152
223401959
287059914
1324129385
283119113
450777347
7853495438
487692859
293998961
26352746
4367335814
4956303617
1284146353
294557411
1697227583
1394784600
5426456361
1107763070
608886525
308907117
174054824
451405412
29783839
1526622840
249113391
206495533
4154574585
245712674
335827283
363929547
2180707911
5319411081
221757365
634506391
268903939
253129315
266528419
384925326
475565725
4059799425
312341881
1043304663
1461281159
808244150
388969492
1535946998
262024963
207619142
274218816
367382829
336947190
182327869
321772150
835341601
14955323
176124544
1697516362
218307036
1210346446
772276031
484951386
360073925
455534799
1287336011
3258906520
663157756
1426913411
462821440
355741763
3231617907
302300125
282992824
226543540
416379435
1590449888
1535854858
42103527
1566160156
1532483284
4748158287
896743151
4159134824
481749785
2017473850
1143244275
368672007
145269759
3620069521
488990051
345620297
361596861
1930438731
4340772168
245284557
1258890660
1550575489
185211218
277846069
1516135148
334766377
239287427
792307417
387252096
1466781942
373252209
1272117322
459967493
1506428192
375025808
340043752
207797747
4072657609
2436979741
216432081
2930593494
1299254130
3582820034
333420724
325745085
240334832
1398708140
181069938
304995918
33243209
225541751
582524075
175360952
317097017
1275514783
5789370225
282340157
1433104125
1621704990
1660154074
2008590123
1806882345
193515013
491531737
368938576
2135517827
2264016898
329123369
283938486
214238597
4966254751
4176089257
1070160595
520807272
537645624
1825624963
728161150
