481817673
879835099
2349790154
4730229254
4205462205
6620264806
914413847
5731788834
5906964736
1607219837
2136179185
2948065004
4489830139
471041707
8093829977
2038678441
758911017
1544978844
7200131880
3673760701
7522960197
2284835511
3943077663
309560378
4840232958
4616955838
7490712678
5719163386
7277433022
4090034491
1741657467
3066109089
1821513758
7155119925
5459588566
2160055534
7169082629
6949933195
7022873663
6041593658
7368058798
5865673802
1363417353
6856920429
4289031985
7770904530
1906112737
1395568061
55301368
7302091221
4482879164
2085444381
6028218444
479617268
3253910716
1696893380
294041251
1390914628
2238402278
2309960051
7141840076
1180681612
5763927625
1290865133
4754004472
1687888104
1960651092
5779412709
7295895011
1465361170
7856594331
388650841
5794001231
19494789
257183994
436354156
2329001552
4374094747
2278319731
5714301201
2340249616
274969648
3615389164
5865159754
428071657
36647090
6645890728
287170024
7799292936
2132490662
336966634
1944499135
1798771443
3684476090
4190345867
1644893595
1509959417
5721213416
6909095452
1093420320
5598991198
611182078
3312779092
223058443
7224205799
1547240404
4341119980
7306152565
392345415
1249839593
1331233006
5862278819
505521301
315077465
594069751
5789434318
1412670376
2200528304
39644223
7587911163
6981583150
7314874553
2195123246
7681467514
3036850341
7069252355
5946503113
6540379959
5713748662
6172021133
6131881157
7711989424
2205627266
7140664020
5727359397
2226265373
308377654
5092674692
1277684103
6618188715
5433467212
4077575841
7369333832
4696566484
7362830392
5422849800
235251162
429951957
5409251819
6726129697
1908984860
1493012131
2987742940
3960341150
2315471883
5726602381
4529926676
6888245029
1561650069
7631313117
2245751587
1034042376
863678297
7341317882
7929539522
4324816258
5842685475
2182833854
502358401
308337654
495004723
506801151
3251236379
2054635936
5373801385
594577808
472685891
7423066764
1670389860
7573575405
2871206709
2026145261
7456358924
6885230401
34067530
3216100513
1476945875
7233149110
6888510102
1653518485
3263505001
2328046405
387376470
1772758426
1684487965
409910353
5850594827
6866707838
1996604103
6953082576
8064699299
1708231068
3972869403
1306051977
6671010993
1736221814
5874889825
1467068825
5450912871
1189571951
598061750
3227782591
3292426419
5952164489
5355563567
5597849235
6437564039
990076861
6372916370
1096882369
5939713387
3227713804
7531548215
391129245
3411306750
6932645759
2292292279
5975624560
2175811298
3976857482
1595386695
1667223356
1800707941
1591770987
5804822396
1462188426
515917599
7372749052
3295803969
2330595220
5632969174
6025578933
6309502810
7285089135
6523837656
7392624022
1634221011
4026125936
3468544841
2128585925
7274145662
7219138516
1067280029
867897178
5458858820
1361101647
4152929669
38568755
1708113831
5710083584
6260706659
570238778
4302193694
7572443085
5392285235
2551597732
1652135842
6913467124
338851761
1827637095
1413685961
1417820234
235130604
552529604
6535860575
7368662089
6085918995
7412620196
5736235985
5679006902
262011439
2093034553
769727799
7899545023
3672885940
1599101696
6284875330
6987002680
6089557156
6220477281
4257720453
3406517197
177079674
8189489442
6031863253
296375627
7428131766
2158571584
5865320281
1067964090
7425374161
5685161134
1649928174
3432349979
3164229109
1829515573
271996415
7358264481
1460847713
7123660281
7057903671
1927096270
256433037
1906971721
2314392987
5709583998
1696881731
5376278198
52970065
710719756
6039135704
5862686950
2028121184
2002170527
221204615
6642698834
5670316785
4705980187
6938716961
1200348335
7312941015
4411660588
2105287684
6285346538
6344781214
5426169963
6986796291
7131455898
4898638801
5756011769
2944319896
840711832
4583703803
2527517361
785323732
2052975160
5396017790
5794066551
3250291562
3448800779
4641318414
5806927004
7441306635
1639564984
7959754412
5699120646
2065784495
6275658674
497554243
6283532081
7367203363
7468773992
1084213669
7682261610
878843701
5590798432
6996488846
6954970270
5515928319
480512552
1276185110
643322738
232639896
7359137002
202593382
1779854806
4074275329
1051518871
4269087379
5361852625
857110311
5889852989
1092635951
631982540
263747115
6751428001
5583037835
4560206687
1694730035
2190405895
6877703937
314810429
541744028
1643468160
7556488138
1937764889
6731801410
341209209
2033320899
7040898979
318645255
7434455935
7317244443
2821102033
7321387146
1702427869
5610510309
2223479241
7366147716
1220997662
1503624482
1518113236
7506543043
7352492579
6795719845
625474637
7209981542
6116020318
1197129557
292865545
570376494
3424754297
1401887068
5757898784
1604110982
4207132610
5966079051
1307771476
5430631731
292398637
1062422686
4070552287
40645319
3463471139
7011000136
7010352564
3468630832
922673784
409142052
4371035156
4014779200
5445276060
4610993417
5429017568
3058683055
7235447754
4334892865
5330211444
4853549353
4322082488
3644655280
7121636159
7115889971
1271811271
4097004147
6441119375
1313613187
7532851218
6667867729
5016317147
5737594521
4758990546
7288081623
416474056
7093923727
270223419
983462023
5603506937
2011721878
1709079564
5505233905
5988107293
2199637455
1712951413
5420296083
3081904847
3963737900
4058387495
5702051316
3110633231
3498475887
4038467286
2046814629
1952596044
1519059116
4134302714
3299038542
4229583822
315461090
1475949568
4581439061
3002855858
6065888359
1466046925
1224061286
1220773679
3290660410
5962256024
2224994296
2210446956
1492793026
2122204503
5654669886
1187063734
1513623321
321739645
5696882553
632872138
182829348
354623062
242840749
1681121034
4345611427
6075217301
7324567248
6779566300
4758918120
3175662262
904507804
3706099362
3557102572
4261163739
3621623580
6328469936
1833832782
7316211300
7353993547
795731105
3486236562
8124911582
1109928017
846662262
1999054341
5663668060
716912366
1946376332
8245583064
3529744897
7358772876
237879786
6376202794
7893176228
6984048507
464616355
6493768617
288838192
7218105777
6081511943
1116234398
5695562105
7101250676
3244613139
6926628587
4460065349
3250809799
7327562609
7231985288
1231704711
6976500951
1978638473
2231219068
7433367798
1982046406
4903817533
5636931691
7596312999
4913127583
5605880992
6555568972
3103708511
7427343905
5913368480
330982356
1361804392
5744242967
2260401842
4928579762
6751544344
594242037
3569197775
318906695
1689788717
7375903425
578323409
2463297479
4959448945
5827802489
1193605643
1823633678
1530236101
7593395329
7130601872
6439015209
2218733313
3948479740
1420274569
8027214748
6046690671
417501164
1471991652
7391612031
5349355337
4483808406
4355971999
1598717733
1933745916
1552675246
195264482
7223477203
4923084263
7571469707
7377196240
592141155
2272206786
7204410406
1338636647
7459571335
1601753520
1742524178
5277531008
1687970405
4116356062
1509545355
7532606133
5968672143
309392076
6325519881
1811091066
7125416803
814323982
6010143042
7234740084
8048085851
2314728439
6410105635
5964864178
734692471
712699806
6651445364
1960039650
7111512327
3261190468
2245554455
204731959
1616979235
7089297500
2014452989
561622142
5406525206
5763139833
6768104364
2325083998
7947242664
194988903
2519821000
1160158623
396618572
4164016708
6868502392
18345252
22520148
6247682649
965482839
6063498863
5489748817
2957382692
2081975770
7960429323
6049202700
8133640363
7468534201
750534943
5762060553
498967967
1262743803
5850603049
4328313964
1414105198
1361407795
2128461514
6958026858
6856367688
369811268
8063447084
4465758017
6965419865
7172092785
3188634093
6221454601
1455418569
4510508750
6885812462
5390372072
6424952362
6158692024
1731670146
2786729345
3665102238
279212609
1762115483
1695857780
1199884781
4312984350
1376848733
2944596666
2042056142
7709450119
4143189159
3916889965
3283771423
4161273856
3608965610
374656316
7017638314
6063205693
8095123940
3219409898
3230677092
1102263262
3236538578
2164218245
4322839963
2012027952
3972550518
3161699510
284349875
3092888010
457966512
3516353769
2220254353
1402744140
207293044
4145613163
4479783543
3178041910
5386878465
3266959816
1984522058
4536780224
1775104444
3122212176
1633023645
2941104190
1649865713
1588142109
1830264505
6283240105
2105336908
849993675
264301247
3418623017
3083767633
2244323400
3978102487
3057396695
1136656356
266254951
1076669326
1997457994
3545283903
2200182782
3107546230
245324968
5380426601
5886329739
620669809
5848247332
599730796
467216420
2244897276
1935538317
1650889279
1644591075
1768367376
2402622497
1279388690
3980320398
633520906
1476450956
1175594417
45116410
3687214010
408823133
3542857145
312240324
2083500895
916620956
2109947212
632004136
1803947689
555384430
3929040077
6339858409
2037851268
1579285526
1674725194
2267644662
7440965593
2096460718
2261419849
2003832810
4172788979
1473955177
288386462
2038879841
513315500
3706550464
4157271261
1611671114
1276509290
2353625970
3433908909
1365540635
2311777896
374032459
5436721311
537838775
1952310171
3094991630
1741208644
1354340934
3896688597
3454878062
2212260382
6877550179
220010675
1214346446
494615579
1598373608
3292333532
627839155
1577083059
3579212646
36108438
2363655053
1764565071
815624003
2311045397
5936451260
1389522393
231616232
1438156723
4702127077
6830867261
4198233764
41467719
1569989332
4444685561
3515035867
3115293146
3515784468
1514564039
1520897002
2239564335
1442896834
3962519201
4162611824
3426395630
2201560015
4401920888
1994496401
3491356991
4305339149
3561586085
1545790304
512900049
1488008891
6019943642
5375996033
38877395
1470910680
1342329026
1748383167
231065674
457817760
2242923402
1930689854
208972023
2376811899
3607430757
1503642073
1392262528
3687477766
4465364563
2175558845
1988086037
1507436682
3063356441
2098681840
486587285
2096945777
1709993609
7057237722
4585675464
6120243687
1396770319
3107605749
1644564348
299488688
4132993174
306751874
1374169105
1380079556
1297737249
1546925219
1535725279
361479793
1008578552
3925842401
2270495722
2353312812
284717611
1941150274
2291214743
1512533098
570325245
1450622120
2264377213
2278401758
354342257
1236778375
1809202287
5871779606
1455848447
547623357
642864993
1541772156
3564881654
1255778683
1735066236
4464160070
601171308
1401783588
7941769889
2228116687
2967185614
3268239820
1520285443
3712609876
4357803193
1921110848
289316891
2898061136
1175564858
5327247014
414831292
6095779885
1617943765
3230674068
1420952759
2929010337
458446068
1146216373
2221714995
1636014881
2261860718
3006494757
768452568
1504348614
670122493
4506846172
1600191107
2544550762
4505626259
5399803181
310746593
940098065
144297003
1618048222
1904207328
2374209698
282517329
577025449
1390793226
4280952916
4070527675
2353327747
1538422984
552470192
227636640
1766052020
1978879323
1982444926
1557180785
2088109327
2252965120
2534610874
2878913359
4150994616
553408706
2966604815
1367279745
974877031
4064133264
1501472061
2362384628
1043297770
943583056
1557310579
434882270
210424965
3987300658
7383620551
4024221219
357427416
2905668872
368967023
1512599719
4532971557
6629807628
1490957714
3258841928
1811409324
1703482336
3676816786
555440690
181835461
1283881755
2650347190
2287475414
4077018873
2073784826
1389860333
1979146374
1521188345
1420244857
1420977871
1644701521
4005892392
2315943310
2255044951
1256368476
384806747
2094263825
1201882524
2008891083
497625573
1620550265
647412411
3173673419
192020137
1598547269
2266198955
1476183810
2166380071
1624831117
1243199223
1537975614
262357263
296471531
2210228415
2137348308
3623142464
1518222787
757543770
1635433070
4338567476
1947972830
1417197938
2047869374
2166682483
1285647645
4174584100
3587860800
145366163
3572251904
2200632614
7765004657
1960592829
3266681128
2304775115
2367085865
3295043034
415184901
4053759084
2208641253
1504157869
3283942468
249165544
8249992007
3181296228
222185303
4459821185
4441579926
542190265
1434091629
4262823229
2242460274
4183150261
2189501888
1677593443
1987000282
3687089746
1929779021
3125847250
5657721537
2331507379
4142071381
2720404812
206228610
704944884
566005837
1928299500
200120125
4344142521
6263713744
1301470286
357622808
4103994583
1423129933
1836338633
1944464227
1672011800
353323127
2083043891
2886141916
6908413817
3250898644
4058513150
453880561
213272771
1903680805
3243467232
181705482
3409629366
1717067931
2110201154
2696409823
2302419225
528010149
3663710493
3983582178
1470944610
1653042741
3108062521
2692485758
40344970
4441411417
640284371
2237000880
562584796
1993806724
1116797075
1546622998
1704948117
2158322633
5794237598
3258752877
3560799855
2166072405
2300648636
2280457969
3486027113
1410022194
1417760451
671801418
1930844862
3667407993
296371975
2732381586
316282035
1536003550
1459470289
3262020771
3136967458
2263619465
1580487558
4476612675
4539748683
1765178221
1400774668
2202956860
1985084705
374704070
55389545
541895294
276468754
1811206500
3648326738
4237372845
3544300725
646461630
3484079544
538721479
5950390924
567466531
307056290
4029151251
4211825662
6022021909
7954638944
2273696814
3454806533
1593252353
5547013946
4157057829
2059535420
1273786593
7635064721
3061284433
1172657984
4129915442
550557259
3559670243
1567499754
819560099
4065063761
4136543232
256646909
3251010903
4046922956
3041819121
1291380832
1995719323
1034789453
197784362
1638473518
1540525141
1699777218
3099989276
2889892298
2096477845
4042601902
2713849748
2070887372
302616795
868458988
1555053936
2930350426
4458632486
502703109
4252428438
1710300267
4352825742
4153398569
1939734067
1497921576
7683292324
2046511152
6616823105
1739820115
3044431526
3180669699
2044934658
267377124
3309331366
3830947289
3064842809
4100927919
1568539369
2305192748
4127089485
845221673
589908762
3851656569
3629799217
1996567377
246174703
2244974975
207209858
1617623353
1570540865
1422604933
3774596696
5378695336
1683657871
1442735292
1520499997
4421197934
273139442
722951373
212865097
1920221953
238151024
1261531322
3540969574
1225875251
4103258353
2470490818
3467007757
1668891115
3577395619
1953793202
4283466217
1263020680
8509567121
44704271
2463049589
5787306405
494640453
1444128833
1479831202
3198284978
277570294
1313959952
4274580751
1572833298
3227091479
2317172150
547440925
3011076081
5673816151
2323139712
2997839101
4249501951
1582533366
4073606383
4216595841
3133304102
3445218475
2208172064
4294285130
4580153933
643629909
3601245114
1258965671
3882090370
1351449014
3550464623
3721227506
546702094
2309616904
1642061957
1933259051
3668054728
1194497414
4211452139
1452452792
2164683092
7374899532
3523294511
222540042
324878237
2227373662
4247344596
2299741385
2523021201
2888096642
4171083861
2251454833
3072463824
636922164
1412992368
4282739750
1796408813
283105450
2482951582
4340496914
2902359287
4569223917
1261261401
5789076422
32438088
3037132200
211349060
2105726793
1821445337
1252084207
2337536631
3449140269
256558034
1348069841
2347862645
3546071724
2117101961
1147106780
3044834217
4516668168
2323352361
3110690518
3574811833
1013473781
6067471042
1352677234
559234936
313705197
328469602
2271735463
1503587616
4068501519
1965054690
1297012812
1466042672
327331805
749252663
2178894060
1539610290
240108607
2959009114
929530159
882497715
2869293152
6065761243
184498772
1051493201
3156618130
4033540058
204169019
1978435713
4256297823
3531671668
415733862
341457144
3213262382
2104032737
1940005364
14417293
3129624000
213643752
2460555552
1775703495
367084585
3073384574
1765205510
2281909739
1659001478
3472598944
3538568482
448099989
1348425616
1737196917
3965244329
2063898594
4955411268
277089426
36694779
1149595342
452683038
4019782866
2320506129
2916159827
183854433
263948593
2284714627
3015719401
322058503
1652906825
334025268
22084507
4529619674
25092764
4856358601
4530843636
2985786572
491846152
2248433525
4608519546
3914294949
3573752724
40089327
1523565743
5787955575
2094845043
1638232634
1532536191
1042486438
401221852
1201630643
3468970383
1452337344
8431281721
4392977366
302886730
3117283713
7030416309
4334139845
213691542
2556442997
5597341805
2493793412
1309094610
1494302117
1439070073
195581000
3250615079
4099595110
1442621670
2320233857
2227297389
322755002
226758234
2237696887
1113398456
1324386366
1152830381
1556228220
483761292
6925151464
3175550214
1738892583
2106753973
1337789058
4091717875
2155890700
2329878590
322107116
4488621619
3710792567
562888716
654585578
1307607916
2907106977
2230716575
2006835501
435448247
509708311
1262530217
1260177418
2233442563
2902699167
1946773222
3676695916
3675650773
1592950610
3495807188
5867772677
2953813704
1638674596
1799022568
3422776962
3269717895
2088318911
5546541510
1989375907
1958729332
4316927221
1149167620
3191191855
5727389617
809387116
2041151910
4085176874
3705676042
1521930729
4293553089
1522492496
1946007172
1581409181
4168738422
561126662
2904018340
1365111032
294130047
4218975045
1368696032
1616430506
1901885562
2098634677
1623671200
942056770
47877950
2896602757
2740727558
1981882367
2099439220
4103286627
3958589215
1906110595
303868131
1315990190
2888862494
2304755302
1416765199
1708211070
3623533577
256361644
2287844862
1412167787
3032131329
221277780
1083629187
2098276046
3712130322
4069307867
180090078
3245854719
4375999094
1967641505
1580868285
2255454825
1683275225
3249589636
3081002701
4078683033
3421697268
2142876287
2144794362
4450419105
2334751260
2291528824
1713060921
2330444215
310369062
3102311535
1449759906
2364733097
1709826756
230847844
3532713267
1989944567
2339742998
6089051598
257760916
4180826660
987031537
3244945625
1384822884
590211336
3401544499
4117014291
1638223493
4121163619
3007796755
3710658790
1474177180
255862998
3564690560
2219414108
328607250
1543353006
1226021455
1569873258
4032008782
2212941694
26062223
1987930734
328434381
2039249638
1793100617
585784877
3495471995
374756107
3881039956
1216107790
288644676
2244027147
3134279528
2020941493
4585974958
2302923985
2233932858
2187336688
1297163028
1366945254
2206264435
2343851346
198064058
1675607381
2244386014
257654538
3738802579
3942368147
2370869737
2054610469
54177754
1283766470
3204184520
4321739578
1491913681
2087304086
301203051
346188706
5676097245
3058685750
1946444544
3959152066
532221731
4121857632
2315476010
1439536564
5485824057
310741576
2033668952
3966515889
2999249409
3158905307
2056656425
207644650
2205379065
1456688579
1119091078
4146778797
5485243027
2214323453
222553685
1576970769
1147092419
55170416
461003987
1308017135
235218233
733014303
1352914835
4449736729
1488798263
2982732506
1377902130
1276209528
7148949503
561378446
2173373951
5561230147
1767254433
1989454507
3076279535
1419462518
1607970384
562904149
1582652913
1725547631
4470217346
3654717926
2301251714
1660504786
2428923189
7061764016
484734744
2555289274
1014066804
1104460521
733521359
361363490
1555297159
1453636238
3030664197
144562012
1319907907
1812441503
5427478586
4468609171
3967270767
1658990220
1357747441
1523892599
1455902815
2178368517
1648785226
3135605596
2210346818
2166103638
2675480501
4235999937
4289077534
407594563
1604741770
2297768979
1669170613
1188834036
4517439774
573638060
556957109
2239805117
26869141
4545654796
4232912043
2250828653
1597314632
375285647
1352602250
3163226426
2195127849
1693271112
357600830
1279270697
4416635226
3006644318
4318059075
292306585
337304176
3014986129
4069736729
184421887
1941602193
1072981924
366615581
5888673621
1047305942
2225839319
1193844804
3981281478
226544980
2245587722
4740494016
1640601137
1158076749
4528159349
3117588844
3567694676
3310057952
597815921
942116165
1453175825
2214545591
2282541514
2163960582
701792419
2200742571
1939173665
8228435711
4515371309
10024487
2358102864
7297741259
4304399742
4865212339
1495960608
304433238
936859406
493833021
2279389595
3080626549
3575305306
3947681096
2263583984
2337948715
3013206520
279307607
4493007791
2865119334
4189429259
1821582019
4364440926
187319692
1522115833
246065874
1566800058
928238028
1540585278
272493772
1717111016
2947765598
1589720617
1811983031
4263495747
2288975370
1548702533
175091477
356815657
1695582465
1768067235
209927419
5812074414
4183404061
225484853
1523594987
1835705523
2194539573
1613876036
1696619040
873572054
1685911713
2149561158
3640176369
1907504029
437119059
547401094
1491153031
4314685292
702403191
1643280210
4208660208
2027811127
2155306676
1461323090
1497986359
601451450
271001100
1385660514
1929768105
6575249899
4249756456
2098115976
703456938
1592858192
7616065118
219138911
3203473525
536046102
1137818059
2330259394
299391396
8493678929
2096353169
1270880009
1745399789
277984978
2182889060
2111104702
1681307754
2902013671
1651427129
4237599791
269661274
3607955753
1912500243
1657362863
727535666
2322788989
3498447366
378697471
1656498711
269611858
4186533210
3250181096
2133769384
2008713918
1769776824
2102883147
1834580198
837205664
3468162186
1087525151
385048651
1413953660
2189665892
482019207
4360549780
3308871174
3680247769
2086572368
3246937559
1791223133
3897259062
5667071435
2215132119
5749395447
3692462164
2517228025
2264366628
48506714
445836397
6058143468
454134855
2006105284
1735454320
6078934298
1045332377
2305123144
2493900217
253084915
4554012517
4008425173
2065482308
2222347846
298011965
2074617680
676171915
1486904000
243343856
1415748420
4140541000
4400041830
3087074661
1570762128
1657427480
3046238186
3920133643
1706914615
410948207
544186044
2699603762
322578291
358898013
288870952
3161734382
289111621
1700740003
2059506924
4140248570
1543973937
1815316445
1324800649
3041449648
5695849180
1140880867
4347567656
2015697986
725361776
1986612715
3693444890
1740062464
6447271883
2291522786
3243271175
695391212
5968719536
4085519892
1612280008
1493036229
1608874056
3259085291
3083520810
1392250989
4149830451
176074144
41862810
5453547414
506404388
3125917858
4476404698
3145285607
2295379158
1642833317
1558625601
1263876665
402205507
2212903176
3021052722
3580700433
1604513735
334899589
4054940225
185722561
360729164
354929923
1038198835
3629514386
3675300662
4028435952
4053039519
1932332001
3433236732
3407226533
4025714714
1142909328
2332931139
3585850207
1191160028
7774711282
5471190514
2303243138
615357972
4660345991
3214293864
3737277947
702844087
5391503434
1724006108
5896424906
4153520917
7532668463
2052437509
3605028911
4444474109
5437493533
2979819163
534887053
2345388027
6057485302
3039500842
701990805
2220582884
5436862101
2586557936
2372066341
316289249
2028716270
3425614860
4391895105
3110361845
4241417732
2940599989
3195209374
2272340055
2265404502
1481290971
662681396
1593789362
3001834334
32934160
2265393477
2206528057
2589316122
3434654400
1147301409
4916715154
559107511
1123948585
1125163955
1030392960
1190647951
4359634272
1656755311
3677808699
4019702556
2349214301
5657552711
3478257745
1743991136
2088230324
4004008593
221675861
4015455055
4124740237
1751637587
1522431798
22516695
4203907726
3243361635
1306518912
926545706
492084422
1389676535
2906062690
1405302116
415910016
3400074537
5016519916
1726637452
2206205244
2368614449
486816471
2303419305
1804390421
3525487611
290692144
1996241213
5478612030
4334477590
2139116372
3054719911
3882454921
577695461
4671471363
508486996
720460130
2208557723
1632791544
273439225
3235790511
3583269832
2303436981
3951978089
842052816
1079865864
6721650407
2463487456
1526560123
3771473506
4077468916
294467716
7712194080
3616799225
1823462352
569280618
1582906176
4093591809
2620994444
1809200981
1446825754
2094555054
1529425780
531594312
655298357
204528741
3251050156
1933273777
257078941
1524715873
2286405582
3209363862
3593616941
1448663328
2908065181
1260207072
2053881002
5886602076
1663436524
573516334
4291277433
1396040771
810853509
1693668666
378940756
3561932930
8570247976
5562074901
2318594080
4240079197
2015097085
1397777792
4264070920
321989928
2352932649
2098861192
1350739392
1832553827
1184577411
2318959168
3272492716
1460022167
1644564511
4537879393
1511742688
3439472949
3011755168
1609662617
188032896
402196789
1522559978
1541416330
1374913573
5619510090
1460745683
1964846035
419491945
3205644903
4087601567
4251839672
4080562646
3694827910
2226107586
2366646340
5607981626
1093845946
433111491
2320347707
5726723207
1935526996
2665341992
1579482248
1206691677
4019679173
3285711915
2048525629
4077855611
584565153
7167344329
2206552460
3227784950
1244407394
1576852584
1163574028
4135578281
6878736281
4580116956
1573911800
1445375606
3765850531
336968545
1026587010
3659345014
268073216
2132449980
7604640801
1420579447
4188539217
4024802943
3592906158
734333923
7021584464
2956896254
2310024480
2252560295
2001255488
4209784475
507271708
1273435794
29523855
2262941831
2092585145
390076257
180795372
769692233
1655407646
3236216807
261242818
789156945
1688129986
321922097
3243221725
278851067
1905427299
646388481
239592251
3123931289
4252148908
511033371
620588593
1810921957
256227823
1984356948
1553692117
4281993767
2061415895
3519152214
3931684963
1279896259
2713353617
324919078
2940985028
4776237546
254054508
1083985242
3112787548
443561201
4546002616
8255044804
1948101024
2359267037
1576111053
1753383839
1478096256
7452265882
3128704467
1376234660
1024529496
6027920654
248328068
1725082337
4440862285
4364324291
1662751765
1591109794
2237376372
2101291925
3944828201
2131144611
571220586
266445754
828399430
1159631974
1823705363
3591939796
1200185243
1645452666
5468043333
3973266670
2506683738
2326440659
271701611
2136032774
2026940836
261209896
659710646
1903727021
2306907698
7246479403
1548179252
5814721560
3099778782
1628449164
3295727935
2309804660
3967926050
3549392117
3943109077
2199340586
2031706208
3826177163
3037527758
3104807655
644272147
1611572888
1688826187
200971455
4315105827
3248810469
4460470694
1944907759
4535922905
3039859204
847838234
2957969801
3017419498
3457545452
3319189638
1662348008
2976517824
1273415593
546324186
3178835533
2999437252
2201564951
2095960951
415002178
4265213110
878882999
409869272
645757509
3277744139
632042550
2282801180
1643884018
1756850890
1781792060
351694056
3103691477
2115718243
252670231
3026499033
507304948
4049667474
3177793933
3294793112
4369260638
534967184
2023653888
2924020110
224054486
1788694192
2256927704
2719653094
1664707470
3308710585
598099423
1457204455
3236932002
4235656121
7926218492
2249547794
1283970781
1690876646
254295350
583380638
2309515354
2267138279
4572019849
789401033
4473787964
3927144340
773855685
